0.000000 0.379865 0.393122 0.393122 0.396853 0.452088 0.452088 0.592162 0.605001 0.605001 0.633900 0.642503 0.642503 0.642540 0.645812 0.645812 0.645892 0.665304 0.665304 0.730214
0.009957 0.379338 0.393086 0.393610 0.396641 0.452158 0.452372 0.591805 0.604961 0.605305 0.633223 0.641006 0.642385 0.642517 0.643985 0.647105 0.648241 0.665586 0.665632 0.730050
0.019698 0.377942 0.392977 0.394735 0.396174 0.452365 0.453208 0.590819 0.604840 0.606127 0.631515 0.638369 0.640575 0.642525 0.644185 0.649058 0.650776 0.666425 0.666581 0.729565
0.029060 0.375998 0.392797 0.394519 0.397153 0.452709 0.454555 0.589380 0.604639 0.607272 0.629263 0.635465 0.638199 0.642539 0.644956 0.650848 0.653448 0.667796 0.668065 0.728781
0.037962 0.373732 0.392550 0.393143 0.399233 0.453185 0.456356 0.587634 0.604357 0.608557 0.626753 0.632437 0.635772 0.642559 0.645650 0.652390 0.656248 0.669642 0.669972 0.727732
0.046388 0.371259 0.391422 0.392238 0.401551 0.453791 0.458541 0.585672 0.603994 0.609820 0.624138 0.629338 0.633401 0.642583 0.646207 0.653717 0.659154 0.671875 0.672198 0.726451
0.054363 0.368638 0.389480 0.391868 0.403991 0.454521 0.461045 0.583544 0.603548 0.610884 0.621521 0.626203 0.631200 0.642612 0.646645 0.654890 0.662140 0.674400 0.674653 0.724973
0.061930 0.365895 0.387391 0.391444 0.406509 0.455369 0.463809 0.581276 0.603013 0.611495 0.619015 0.623059 0.629341 0.642645 0.646995 0.655968 0.665186 0.677130 0.677271 0.723325
0.069137 0.363043 0.385214 0.390972 0.409085 0.456331 0.466781 0.578877 0.602380 0.611286 0.616769 0.619934 0.628064 0.642680 0.647284 0.657000 0.668279 0.679999 0.680006 0.721533
0.076030 0.360088 0.382993 0.390458 0.411706 0.457399 0.469919 0.576346 0.601631 0.610012 0.614823 0.616859 0.627594 0.642717 0.647530 0.658016 0.671406 0.682824 0.682952 0.719618
0.082650 0.357033 0.380768 0.389907 0.414365 0.458567 0.473190 0.573681 0.600735 0.607935 0.612912 0.613879 0.627953 0.642753 0.647747 0.659037 0.674561 0.685701 0.685949 0.717599
0.089031 0.353881 0.378565 0.389326 0.417057 0.459829 0.476566 0.570873 0.599640 0.605478 0.610818 0.611056 0.628952 0.642788 0.647945 0.660075 0.677738 0.688619 0.688954 0.715492
0.095204 0.350634 0.376406 0.388721 0.419779 0.461178 0.480025 0.567911 0.598270 0.602867 0.608476 0.608553 0.630370 0.642818 0.648131 0.661138 0.680934 0.691565 0.691928 0.713323
0.101195 0.347296 0.374306 0.388096 0.422528 0.462610 0.483546 0.564785 0.596544 0.600190 0.606199 0.606230 0.632049 0.642841 0.648308 0.662227 0.684144 0.694529 0.694820 0.711127
0.107024 0.343871 0.372276 0.387457 0.425303 0.464117 0.487114 0.561486 0.594424 0.597482 0.603826 0.604365 0.633896 0.642853 0.648481 0.663343 0.687367 0.697504 0.697528 0.708993
0.112710 0.340366 0.370322 0.386809 0.428103 0.465694 0.490715 0.558003 0.591950 0.594754 0.601487 0.602848 0.635856 0.642850 0.648650 0.664483 0.690601 0.699757 0.700483 0.707196
0.118268 0.336785 0.368448 0.386156 0.430926 0.467336 0.494335 0.554329 0.589218 0.592008 0.599219 0.601595 0.637896 0.642828 0.648818 0.665642 0.693843 0.700578 0.703460 0.706644
0.123711 0.333137 0.366657 0.385502 0.433771 0.469036 0.497963 0.550458 0.586321 0.589242 0.597047 0.600520 0.639996 0.642781 0.648985 0.666815 0.697093 0.699384 0.706430 0.707913
0.129051 0.329427 0.364948 0.384851 0.436638 0.470790 0.501585 0.546384 0.583330 0.586458 0.594987 0.599563 0.642142 0.642701 0.649153 0.667989 0.697302 0.700350 0.709386 0.709840
0.134295 0.325663 0.363322 0.384207 0.439526 0.472591 0.505188 0.542105 0.580297 0.583655 0.593047 0.598684 0.642582 0.644323 0.649323 0.669151 0.694982 0.703611 0.711733 0.712324
0.139453 0.321849 0.361778 0.383572 0.442433 0.474432 0.508754 0.537620 0.577258 0.580835 0.591230 0.597862 0.642413 0.646528 0.649501 0.670275 0.692626 0.706875 0.713355 0.715236
0.144531 0.317993 0.360315 0.382949 0.445358 0.476305 0.512266 0.532930 0.574245 0.578004 0.589534 0.597081 0.642183 0.648692 0.649747 0.671322 0.690342 0.710140 0.714594 0.718113
0.149535 0.314100 0.358932 0.382340 0.448302 0.478198 0.515695 0.528040 0.571290 0.575165 0.587955 0.596333 0.641880 0.649698 0.651175 0.672227 0.688236 0.713403 0.715409 0.720944
0.154467 0.310174 0.357628 0.381749 0.451262 0.480095 0.519008 0.522962 0.568432 0.572322 0.586490 0.595613 0.641489 0.649905 0.653422 0.672879 0.686448 0.715821 0.716659 0.723714
0.159333 0.306223 0.356402 0.381177 0.454238 0.481968 0.517720 0.522152 0.565723 0.569481 0.585134 0.594917 0.640993 0.650072 0.655728 0.673122 0.685162 0.715895 0.719900 0.726401
0.164135 0.302251 0.355253 0.380626 0.457227 0.483758 0.512364 0.525052 0.563237 0.566643 0.583880 0.594242 0.640375 0.650228 0.658060 0.672817 0.684546 0.715714 0.723107 0.728968
0.168873 0.298263 0.354180 0.380098 0.460230 0.485333 0.507024 0.527596 0.561083 0.563815 0.582726 0.593586 0.639619 0.650378 0.660412 0.671977 0.684611 0.715358 0.726227 0.730776
0.173548 0.294265 0.353183 0.379594 0.463243 0.486328 0.502061 0.529625 0.559416 0.560999 0.581665 0.592946 0.638709 0.650521 0.662783 0.670782 0.685203 0.714895 0.728071 0.729722
0.178158 0.290264 0.352261 0.379116 0.466265 0.485731 0.498482 0.530948 0.558200 0.558424 0.580696 0.592319 0.637636 0.650658 0.665170 0.669439 0.686133 0.714375 0.725798 0.732257
0.182700 0.286269 0.351414 0.378664 0.469294 0.482349 0.497478 0.531400 0.555422 0.558264 0.579814 0.591699 0.636399 0.650787 0.667574 0.668095 0.687266 0.713837 0.723254 0.731379
0.187168 0.282287 0.350642 0.378239 0.472325 0.476893 0.498334 0.530949 0.552670 0.558964 0.579016 0.591083 0.635008 0.650909 0.666838 0.669992 0.688518 0.713308 0.720675 0.729446
0.191553 0.278333 0.349943 0.377841 0.470473 0.475355 0.499935 0.529717 0.549951 0.560390 0.578301 0.590461 0.633482 0.651023 0.665713 0.672424 0.689836 0.712813 0.718081 0.727546
0.195841 0.274423 0.349319 0.377472 0.463539 0.478377 0.501829 0.527909 0.547274 0.562332 0.577666 0.589825 0.631858 0.651127 0.664737 0.674869 0.691183 0.712369 0.715481 0.725685
0.200011 0.270581 0.329809 0.348769 0.377218 0.456253 0.481383 0.503870 0.525715 0.544662 0.564587 0.577109 0.589162 0.630182 0.651223 0.663913 0.677327 0.692528 0.711993 0.712881
0.204030 0.266842 0.339566 0.348292 0.377119 0.448686 0.484360 0.505968 0.523282 0.542136 0.566998 0.576630 0.588457 0.628511 0.651308 0.663233 0.679795 0.693840 0.710284 0.711703
0.207847 0.263258 0.347889 0.349042 0.377191 0.440879 0.487287 0.508049 0.520722 0.539716 0.569449 0.576226 0.587692 0.626910 0.651382 0.662684 0.682274 0.695086 0.707693 0.711514
0.211385 0.259909 0.347559 0.358024 0.377633 0.432864 0.490126 0.510051 0.518127 0.537449 0.571845 0.575898 0.586853 0.625452 0.651443 0.662252 0.684758 0.696224 0.705113 0.711446
0.214518 0.256922 0.347303 0.365823 0.379110 0.424675 0.492808 0.511892 0.515604 0.535410 0.574098 0.575643 0.585932 0.624210 0.651492 0.661924 0.687241 0.697204 0.702551 0.711513
0.217060 0.254482 0.347121 0.370718 0.383294 0.416368 0.495189 0.513320 0.513444 0.533721 0.575463 0.576100 0.584955 0.623256 0.651527 0.661691 0.689706 0.697968 0.700026 0.711712
0.218761 0.252842 0.347012 0.372484 0.390246 0.408109 0.496971 0.511587 0.514522 0.532564 0.575355 0.577657 0.584051 0.622650 0.651549 0.661542 0.692069 0.697622 0.698459 0.711982
0.219371 0.252252 0.346977 0.372872 0.396080 0.402036 0.497657 0.510910 0.514924 0.532141 0.575320 0.578340 0.583607 0.622436 0.651557 0.661475 0.693467 0.696201 0.698633 0.712126
0.219411 0.252275 0.346627 0.373201 0.396148 0.402117 0.497534 0.510350 0.515484 0.532267 0.574385 0.578359 0.584481 0.622383 0.651085 0.662031 0.693162 0.696081 0.698885 0.711894
0.219530 0.252344 0.345628 0.374139 0.396350 0.402360 0.497172 0.509141 0.516694 0.532641 0.572238 0.578417 0.586441 0.622221 0.649911 0.663458 0.692378 0.695729 0.699499 0.711241
0.219729 0.252459 0.344098 0.375567 0.396686 0.402765 0.496587 0.507717 0.518118 0.533246 0.569589 0.578514 0.588776 0.621942 0.648422 0.665379 0.691316 0.695173 0.700237 0.710285
0.220006 0.252620 0.342167 0.377354 0.397155 0.403331 0.495802 0.506214 0.519620 0.534058 0.566701 0.578651 0.591220 0.621533 0.646862 0.667565 0.690092 0.694443 0.700903 0.709204
0.220362 0.252827 0.339948 0.379388 0.397757 0.404057 0.494843 0.504676 0.521157 0.535051 0.563665 0.578826 0.593677 0.620983 0.645362 0.669901 0.688758 0.693576 0.701276 0.708259
0.220795 0.253079 0.337521 0.381587 0.398491 0.404943 0.493740 0.503120 0.522712 0.536194 0.560514 0.579042 0.596100 0.620279 0.643997 0.672326 0.687334 0.692606 0.701079 0.707775
0.221304 0.253377 0.334945 0.383894 0.399355 0.405985 0.492518 0.501552 0.524274 0.537463 0.557266 0.579298 0.598458 0.619420 0.642816 0.674801 0.685827 0.691566 0.700201 0.707910
0.221888 0.253720 0.332259 0.386269 0.400347 0.407180 0.491202 0.499978 0.525840 0.538831 0.553927 0.579596 0.600715 0.618424 0.641849 0.677288 0.684238 0.690496 0.698839 0.708506
0.222546 0.254108 0.329490 0.388687 0.401466 0.408524 0.489813 0.498399 0.527406 0.540278 0.550502 0.579935 0.602812 0.617345 0.641106 0.679728 0.682566 0.689461 0.697235 0.709349
0.223275 0.254542 0.326660 0.391131 0.402710 0.410011 0.488368 0.496816 0.528968 0.541784 0.546992 0.580317 0.604636 0.616304 0.640589 0.680805 0.681971 0.688617 0.695535 0.710318
0.224074 0.255019 0.323782 0.393590 0.404075 0.411632 0.486884 0.495229 0.530520 0.543331 0.543406 0.580741 0.605951 0.615551 0.640285 0.678961 0.683508 0.688472 0.693817 0.711353
0.224940 0.255541 0.320867 0.396058 0.405561 0.413377 0.485374 0.493637 0.532041 0.539752 0.544913 0.581209 0.606398 0.615465 0.640180 0.677030 0.683634 0.689739 0.692123 0.712423
0.225872 0.256107 0.317923 0.398535 0.407163 0.415235 0.483852 0.492040 0.533366 0.536203 0.546509 0.581721 0.605813 0.616230 0.640257 0.675018 0.682833 0.690463 0.691949 0.713513
0.226866 0.256716 0.314959 0.401021 0.408879 0.417191 0.482330 0.490434 0.531723 0.535527 0.548112 0.582276 0.604466 0.617594 0.640499 0.672933 0.681723 0.688870 0.694465 0.714613
0.227919 0.257369 0.311979 0.403520 0.410705 0.419228 0.480818 0.488819 0.527906 0.536930 0.549712 0.582875 0.602687 0.619242 0.640895 0.670784 0.680505 0.687333 0.697106 0.715717
0.229028 0.258064 0.308990 0.406036 0.412639 0.421330 0.479329 0.487188 0.523890 0.538437 0.551302 0.583515 0.600665 0.620997 0.641432 0.668584 0.679246 0.685854 0.699805 0.716820
0.230188 0.258802 0.305997 0.408574 0.414675 0.423476 0.477875 0.485538 0.519769 0.539954 0.552872 0.584194 0.598498 0.622770 0.642103 0.666345 0.677974 0.684431 0.702540 0.717918
0.231394 0.259581 0.303004 0.411138 0.416811 0.425646 0.476471 0.483858 0.515563 0.541467 0.554419 0.584910 0.596237 0.624519 0.642900 0.664082 0.676706 0.683060 0.705297 0.719009
0.232641 0.260403 0.300018 0.413733 0.419042 0.427816 0.475133 0.482137 0.511287 0.542970 0.555936 0.585658 0.593915 0.626217 0.643813 0.661808 0.675455 0.681737 0.708070 0.720089
0.233922 0.261265 0.297046 0.416362 0.421362 0.429959 0.473882 0.480356 0.506960 0.544458 0.557419 0.586431 0.591551 0.627852 0.644834 0.659540 0.674231 0.680456 0.710854 0.721156
0.235227 0.262168 0.294096 0.419027 0.423768 0.432044 0.472743 0.478488 0.502609 0.545926 0.558865 0.587221 0.589164 0.629416 0.645949 0.657291 0.673048 0.679215 0.713647 0.722204
0.236546 0.263112 0.291177 0.421730 0.426254 0.434038 0.471745 0.476490 0.498277 0.547370 0.560271 0.586767 0.588017 0.630909 0.647138 0.655078 0.671922 0.678010 0.716445 0.723229
0.237865 0.264095 0.288303 0.424470 0.428812 0.435897 0.470928 0.474299 0.494030 0.548780 0.561636 0.584374 0.588806 0.632332 0.648375 0.652918 0.670873 0.676838 0.719246 0.724224
0.239164 0.265118 0.285492 0.427245 0.431436 0.437575 0.470335 0.471826 0.489959 0.550147 0.562960 0.582000 0.589570 0.633691 0.649624 0.650830 0.669929 0.675699 0.722046 0.725180
0.240419 0.266179 0.282767 0.430049 0.434116 0.439026 0.468955 0.470020 0.486181 0.551455 0.564244 0.579666 0.590291 0.634991 0.648832 0.650841 0.669129 0.674589 0.724840 0.726086
0.241595 0.267279 0.280162 0.432871 0.436839 0.440211 0.465590 0.470020 0.482809 0.552679 0.565487 0.577398 0.590944 0.636241 0.646950 0.651962 0.668526 0.673510 0.726909 0.727634
0.242644 0.268416 0.277723 0.435676 0.439585 0.441123 0.461682 0.470378 0.479902 0.553780 0.566693 0.575239 0.591504 0.637445 0.645205 0.652914 0.668187 0.672460 0.727646 0.730394
0.243503 0.269590 0.275512 0.438330 0.441878 0.442315 0.457283 0.471107 0.477447 0.554697 0.567864 0.573252 0.591943 0.638606 0.643626 0.653624 0.668182 0.671441 0.728240 0.733119
0.244089 0.270801 0.273611 0.440213 0.443102 0.444879 0.452597 0.472194 0.475386 0.555333 0.569001 0.571537 0.592229 0.639720 0.642241 0.654040 0.668559 0.670456 0.728632 0.735765
0.244306 0.272019 0.272141 0.440672 0.445462 0.445519 0.449449 0.473580 0.473692 0.555554 0.570064 0.570274 0.592334 0.640698 0.641163 0.654163 0.669258 0.669569 0.728748 0.738000
0.243744 0.270721 0.274076 0.438064 0.440193 0.449851 0.452314 0.471635 0.476306 0.554987 0.568980 0.571881 0.592068 0.639412 0.642687 0.653970 0.667896 0.671288 0.728467 0.736146
0.242017 0.270656 0.276089 0.429205 0.439116 0.454412 0.455513 0.470669 0.479378 0.553116 0.569193 0.573439 0.591267 0.638696 0.643989 0.653565 0.666629 0.673552 0.727267 0.734484
0.239261 0.271682 0.278179 0.419865 0.437707 0.457464 0.459062 0.471280 0.482768 0.550350 0.570296 0.574960 0.589916 0.638532 0.644888 0.653317 0.665477 0.676168 0.725346 0.732769
0.235757 0.273515 0.280341 0.410158 0.436090 0.457752 0.463763 0.473764 0.486368 0.547113 0.571872 0.576450 0.588049 0.638851 0.645159 0.653578 0.664470 0.679010 0.723015 0.730679
0.231751 0.275899 0.282576 0.400139 0.434344 0.456911 0.468495 0.477529 0.490102 0.543644 0.573689 0.577914 0.585737 0.639533 0.644755 0.654472 0.663649 0.681998 0.720477 0.728571
0.227415 0.278660 0.284881 0.389839 0.432521 0.455552 0.473243 0.481925 0.493912 0.540063 0.575635 0.579332 0.583090 0.640434 0.643867 0.655853 0.663073 0.685087 0.717835 0.726450
0.222853 0.281686 0.287253 0.379285 0.430656 0.453974 0.477995 0.486618 0.497753 0.536437 0.577654 0.579724 0.581182 0.641388 0.642710 0.657535 0.662814 0.688245 0.715143 0.724320
0.218128 0.284908 0.289692 0.368494 0.428772 0.452305 0.482738 0.491447 0.501588 0.532816 0.576772 0.579716 0.582415 0.641414 0.642237 0.659404 0.662951 0.691452 0.712429 0.722184
0.213280 0.288282 0.292197 0.357482 0.426888 0.450601 0.487463 0.496304 0.505379 0.529250 0.573488 0.581805 0.583858 0.640053 0.642845 0.661398 0.663549 0.694691 0.709711 0.720046
0.208333 0.291776 0.294770 0.346258 0.425017 0.448888 0.492159 0.501076 0.509085 0.525826 0.570128 0.583911 0.585329 0.638666 0.643136 0.663485 0.664621 0.697950 0.707003 0.717910
0.203303 0.295370 0.297420 0.334824 0.423167 0.447181 0.496818 0.505527 0.512651 0.522760 0.566785 0.586028 0.586818 0.637276 0.643097 0.665644 0.666120 0.701212 0.704313 0.715788
0.198200 0.299047 0.300169 0.421348 0.445492 0.501430 0.508932 0.516005 0.520766 0.563556 0.588153 0.588327 0.635899 0.642768 0.667864 0.667948 0.701651 0.704438 0.713711 0.714498
0.193029 0.302794 0.302863 0.419564 0.443880 0.505988 0.509638 0.519034 0.521511 0.560569 0.589855 0.590293 0.634547 0.642208 0.669985 0.670153 0.699024 0.707443 0.711861 0.712636
0.187795 0.305605 0.306603 0.417822 0.442275 0.507693 0.510484 0.521570 0.524919 0.558009 0.591405 0.592436 0.633225 0.641474 0.672099 0.672476 0.696441 0.708419 0.710928 0.712040
0.182497 0.308392 0.310464 0.416124 0.440677 0.504753 0.514911 0.523376 0.529328 0.556126 0.592978 0.594581 0.631941 0.640611 0.674150 0.674820 0.693913 0.706736 0.709440 0.714870
0.177136 0.311223 0.314371 0.414475 0.439083 0.501514 0.519262 0.524183 0.534039 0.555200 0.594574 0.596728 0.630700 0.639651 0.675986 0.677173 0.691457 0.704716 0.708258 0.718010
0.171711 0.314094 0.318318 0.412877 0.437492 0.498186 0.523527 0.523823 0.538841 0.555412 0.596196 0.598877 0.629508 0.638619 0.677435 0.679512 0.689093 0.702671 0.707487 0.721093
0.166219 0.317003 0.322298 0.411334 0.435899 0.494845 0.522338 0.527714 0.543655 0.556721 0.597843 0.601027 0.628368 0.637528 0.678318 0.681799 0.686859 0.700677 0.707225 0.723824
0.160656 0.319949 0.326306 0.409847 0.434301 0.491531 0.519974 0.531804 0.548443 0.558901 0.599517 0.603178 0.627287 0.636389 0.678488 0.683961 0.684800 0.698813 0.707521 0.725103
0.155018 0.322928 0.330336 0.408418 0.432691 0.488266 0.516993 0.535799 0.553180 0.561695 0.601217 0.605330 0.626270 0.635209 0.677893 0.682950 0.685829 0.697245 0.708319 0.723566
0.149299 0.325938 0.334384 0.407049 0.431064 0.485068 0.513604 0.539696 0.557852 0.564901 0.602944 0.607484 0.625324 0.633989 0.676657 0.681252 0.687037 0.696336 0.709436 0.720709
0.143492 0.328976 0.338444 0.405743 0.429412 0.481953 0.509949 0.543493 0.562444 0.568386 0.604699 0.609640 0.624456 0.632731 0.675021 0.679575 0.687101 0.696558 0.710558 0.717518
0.137589 0.332040 0.342510 0.404500 0.427727 0.478933 0.506121 0.547189 0.566943 0.572063 0.606481 0.611796 0.623677 0.631436 0.673201 0.677822 0.686060 0.697852 0.711243 0.714238
0.131579 0.335128 0.346575 0.403322 0.426000 0.476021 0.502182 0.550786 0.571333 0.575876 0.608289 0.613954 0.622998 0.630102 0.671321 0.675965 0.684400 0.699677 0.710983 0.711003
0.125450 0.338235 0.350633 0.402210 0.424224 0.473232 0.498175 0.554284 0.575597 0.579787 0.610124 0.616112 0.622436 0.628729 0.669445 0.674015 0.682452 0.701485 0.707995 0.709581
0.119190 0.341360 0.354675 0.401167 0.422388 0.470577 0.494132 0.557686 0.579712 0.583769 0.611982 0.618269 0.622013 0.627317 0.667603 0.671995 0.680359 0.701854 0.706561 0.707137
0.112780 0.344497 0.358692 0.400192 0.420484 0.468071 0.490079 0.560993 0.583649 0.587800 0.613859 0.620417 0.621764 0.625871 0.665811 0.669930 0.678182 0.699491 0.704013 0.707910
0.106201 0.347644 0.362671 0.399287 0.418505 0.465724 0.486039 0.564208 0.587369 0.591863 0.615744 0.621663 0.622617 0.624403 0.664068 0.667847 0.675952 0.696327 0.700493 0.710083
0.099429 0.350797 0.366599 0.398454 0.416444 0.463547 0.482034 0.567332 0.590824 0.595937 0.617589 0.621873 0.622965 0.624753 0.662363 0.665775 0.673682 0.693014 0.696754 0.712410
0.092434 0.353948 0.370458 0.397695 0.414299 0.461549 0.478087 0.570367 0.593954 0.599998 0.619105 0.621859 0.622377 0.626895 0.660666 0.663756 0.671378 0.689674 0.692902 0.714757
0.085181 0.357094 0.374224 0.397011 0.412069 0.459737 0.474226 0.573312 0.596695 0.604007 0.618950 0.622458 0.623248 0.629027 0.658928 0.661841 0.669042 0.686352 0.689011 0.717072
0.077627 0.360224 0.377867 0.396406 0.409757 0.458117 0.470482 0.576166 0.598996 0.607861 0.617718 0.624261 0.624535 0.631140 0.657095 0.660078 0.666673 0.683076 0.685138 0.719322
0.069720 0.363328 0.381345 0.395885 0.407371 0.456690 0.466894 0.578923 0.600836 0.611126 0.616804 0.626253 0.626299 0.633224 0.655145 0.658471 0.664267 0.679878 0.681341 0.721474
0.061399 0.366390 0.384603 0.395458 0.404927 0.455459 0.463513 0.581572 0.602239 0.612148 0.617988 0.628372 0.628441 0.635261 0.653098 0.656965 0.661816 0.676794 0.677688 0.723493
0.052594 0.369387 0.387556 0.395148 0.402448 0.454422 0.460403 0.584097 0.603263 0.611069 0.621135 0.630676 0.630823 0.637226 0.650994 0.655464 0.659311 0.673875 0.674274 0.725341
0.043232 0.372279 0.390068 0.395014 0.399975 0.453577 0.457643 0.586462 0.603982 0.609510 0.624601 0.633021 0.633513 0.639077 0.648875 0.653849 0.656741 0.671192 0.671223 0.726970
0.033251 0.374994 0.391888 0.395212 0.397583 0.452924 0.455330 0.588606 0.604468 0.607909 0.627909 0.635504 0.636342 0.640757 0.646787 0.651998 0.654097 0.668689 0.668845 0.728327
0.022640 0.377388 0.392787 0.395417 0.395866 0.452459 0.453571 0.590415 0.604776 0.606465 0.630817 0.638136 0.639180 0.642206 0.644820 0.649835 0.651377 0.666814 0.666972 0.729353
0.011483 0.379171 0.393066 0.393771 0.396572 0.452181 0.452466 0.591689 0.604947 0.605404 0.633011 0.640805 0.641623 0.643206 0.643605 0.647447 0.648599 0.665681 0.665738 0.729995
0.000000 0.379865 0.393122 0.393122 0.396853 0.452088 0.452088 0.592162 0.605001 0.605001 0.633900 0.642503 0.642503 0.642540 0.645812 0.645812 0.645892 0.665304 0.665304 0.730214
