0.000000
0.009996
0.019991
0.029987
0.039982
0.049978
0.059973
0.069969
0.079964
0.089960
0.099955
0.109951
0.119946
0.129942
0.139937
0.149933
0.159928
0.169924
0.179919
0.189915
0.199910
0.209906
0.219902
0.229897
0.239893
0.249888
0.259884
0.269879
0.279875
0.289870
0.299866
0.309861
0.319857
0.329852
0.339848
0.349843
0.359839
0.369834
0.379830
0.389825
0.399821
0.399895
0.400117
0.400487
0.401004
0.401668
0.402478
0.403433
0.404532
0.405774
0.407158
0.408682
0.410344
0.412144
0.414079
0.416147
0.418346
0.420675
0.423131
0.425711
0.428415
0.431239
0.434180
0.437238
0.440408
0.443690
0.447080
0.450575
0.454174
0.457875
0.461673
0.450132
0.438590
0.427048
0.415506
0.403964
0.392422
0.380881
0.369339
0.357797
0.346255
0.334713
0.323171
0.311630
0.300088
0.288546
0.277004
0.265462
0.253920
0.242379
0.230837
0.219295
0.207753
0.196211
0.184669
0.173128
0.161586
0.150044
0.138502
0.126960
0.115418
0.103877
0.092335
0.080793
0.069251
0.057709
0.046167
0.034626
0.023084
0.011542
0.000000
