0.000000 0.407812 0.412355 0.412355 0.432598 0.432598 0.492948 0.494597 0.512478 0.512478 0.517687 0.586788 0.586788 0.633488 0.641028 0.641028 0.659051 0.659051 0.674790 0.717482
0.009994 0.406729 0.412219 0.413306 0.432622 0.432762 0.493083 0.494309 0.512467 0.512760 0.517553 0.586832 0.586958 0.632649 0.640845 0.641688 0.658789 0.659247 0.675244 0.716937
0.019975 0.404579 0.411825 0.415042 0.432717 0.433243 0.493485 0.493494 0.512436 0.513538 0.517172 0.586965 0.587462 0.630686 0.640290 0.643102 0.658109 0.659842 0.676502 0.715495
0.029933 0.402120 0.411205 0.416754 0.432944 0.434005 0.492265 0.494145 0.512386 0.514559 0.516701 0.587186 0.588286 0.628235 0.639359 0.644618 0.657233 0.660852 0.678348 0.713496
0.039855 0.399522 0.410404 0.418188 0.433395 0.435005 0.490739 0.495044 0.512321 0.514797 0.517068 0.587494 0.589406 0.625559 0.638057 0.645971 0.656353 0.662283 0.680584 0.711174
0.049727 0.396841 0.409465 0.419204 0.434175 0.436199 0.489007 0.496163 0.512249 0.513860 0.518604 0.587887 0.590794 0.622764 0.636408 0.647084 0.655579 0.664106 0.683077 0.708658
0.059537 0.394097 0.408426 0.419738 0.435344 0.437548 0.487129 0.497472 0.512179 0.512542 0.520485 0.588362 0.592417 0.619902 0.634455 0.647965 0.654952 0.666263 0.685741 0.706019
0.069270 0.391303 0.407316 0.419809 0.436891 0.439019 0.485144 0.498939 0.511025 0.512127 0.522521 0.588917 0.594240 0.617006 0.632251 0.648655 0.654473 0.668686 0.688523 0.703294
0.078911 0.388466 0.406160 0.419498 0.438748 0.440588 0.483075 0.500517 0.509369 0.512121 0.524656 0.589550 0.596219 0.614103 0.629852 0.649203 0.654123 0.671308 0.691385 0.700510
0.088443 0.385589 0.404975 0.418899 0.440834 0.442233 0.480938 0.502144 0.507614 0.512208 0.526865 0.590255 0.598296 0.611238 0.627305 0.649649 0.653879 0.674078 0.694299 0.697685
0.097851 0.382676 0.403774 0.418094 0.443083 0.443938 0.478741 0.503723 0.505794 0.512468 0.529131 0.591027 0.600330 0.608533 0.624651 0.650024 0.653719 0.676955 0.694789 0.697284
0.107116 0.379730 0.402567 0.417145 0.445444 0.445686 0.476493 0.503939 0.505111 0.513028 0.531445 0.591862 0.601703 0.606588 0.621922 0.650350 0.653624 0.679910 0.691904 0.700247
0.116221 0.376751 0.401361 0.416099 0.447461 0.447886 0.474199 0.502074 0.506154 0.514033 0.533799 0.592749 0.600706 0.607096 0.619149 0.650642 0.653581 0.682921 0.688987 0.703204
0.125145 0.373742 0.400163 0.414987 0.449244 0.450386 0.471870 0.500224 0.506785 0.515537 0.536187 0.593674 0.598196 0.609184 0.616359 0.650908 0.653578 0.685971 0.686051 0.700654
0.133871 0.370704 0.398975 0.413836 0.451004 0.452929 0.469526 0.498411 0.507075 0.517460 0.538605 0.594616 0.595363 0.611647 0.613586 0.651156 0.653607 0.683099 0.689037 0.697734
0.142381 0.367636 0.397802 0.412663 0.452689 0.455504 0.467211 0.496656 0.507140 0.519677 0.541048 0.592444 0.595530 0.610883 0.614235 0.651388 0.653660 0.680135 0.692016 0.694949
0.150658 0.364542 0.396645 0.411484 0.454177 0.458103 0.465034 0.494978 0.507071 0.522090 0.543514 0.589496 0.596325 0.608348 0.616875 0.651607 0.653731 0.677162 0.691737 0.695473
0.158688 0.361420 0.395506 0.410311 0.455160 0.460721 0.463294 0.493396 0.506923 0.524636 0.545998 0.586541 0.596790 0.606196 0.619531 0.651811 0.653814 0.674185 0.689007 0.698500
0.166459 0.358272 0.394385 0.409153 0.455015 0.462599 0.463352 0.491932 0.506731 0.527275 0.548495 0.583594 0.596519 0.604841 0.622174 0.651998 0.653902 0.671208 0.686279 0.698884
0.173961 0.355099 0.393283 0.408016 0.453515 0.463160 0.465992 0.490609 0.506517 0.529978 0.550998 0.580663 0.595202 0.604596 0.624778 0.652163 0.653985 0.668238 0.683632 0.696508
0.181190 0.351901 0.392198 0.406909 0.451233 0.464381 0.468637 0.489454 0.506296 0.532722 0.553494 0.577763 0.593102 0.605202 0.627315 0.652296 0.654048 0.665291 0.681105 0.694135
0.188145 0.348679 0.391130 0.405836 0.448601 0.465801 0.471280 0.488504 0.506082 0.535486 0.555961 0.574920 0.590629 0.606258 0.629749 0.652388 0.654057 0.662398 0.678738 0.691771
0.194829 0.345433 0.390076 0.404801 0.445789 0.467210 0.473917 0.487802 0.505885 0.538249 0.558338 0.572192 0.588011 0.607546 0.632038 0.652422 0.653920 0.659652 0.676585 0.689419
0.201246 0.342163 0.389034 0.403808 0.442867 0.468489 0.476538 0.487405 0.505717 0.540986 0.560445 0.569760 0.585360 0.608967 0.634123 0.652383 0.653319 0.657368 0.674714 0.687083
0.207408 0.338870 0.388001 0.402860 0.439869 0.469553 0.479135 0.487367 0.505592 0.543661 0.561629 0.568279 0.582747 0.610473 0.635929 0.651658 0.652262 0.656144 0.673202 0.684766
0.213325 0.335553 0.386971 0.401960 0.436817 0.470343 0.481691 0.487734 0.505525 0.546227 0.560805 0.568831 0.580238 0.612037 0.637357 0.649149 0.652071 0.655769 0.672131 0.682471
0.219011 0.332212 0.385939 0.401110 0.433727 0.470839 0.484188 0.488513 0.505539 0.548607 0.558626 0.570764 0.577916 0.613638 0.638288 0.646353 0.651862 0.655684 0.671562 0.680206
0.224481 0.328848 0.384897 0.400313 0.430613 0.471067 0.486597 0.489674 0.505662 0.550681 0.556028 0.573141 0.575904 0.615257 0.638608 0.643477 0.651717 0.655686 0.671520 0.677975
0.229750 0.325459 0.383834 0.399569 0.427490 0.471082 0.488876 0.491156 0.505935 0.552267 0.553298 0.574387 0.575675 0.616871 0.638259 0.640596 0.651710 0.655711 0.671983 0.675786
0.234834 0.322045 0.382739 0.398880 0.424372 0.470948 0.490972 0.492891 0.506411 0.550522 0.553134 0.573593 0.578280 0.618448 0.637282 0.637760 0.651850 0.655729 0.672889 0.673651
0.239748 0.318605 0.381596 0.398247 0.421277 0.470720 0.492820 0.494818 0.507156 0.547732 0.553106 0.573696 0.580920 0.619926 0.635034 0.635798 0.652092 0.655722 0.671584 0.674157
0.244506 0.309987 0.315138 0.380392 0.397672 0.418728 0.470449 0.494360 0.496941 0.508225 0.544946 0.552208 0.574668 0.583613 0.621171 0.632553 0.633941 0.652387 0.655671 0.669605
0.249123 0.311642 0.318443 0.379090 0.397155 0.417153 0.470169 0.495563 0.499228 0.509644 0.542181 0.550639 0.576306 0.586358 0.621870 0.630628 0.631832 0.652686 0.655555 0.667743
0.253612 0.308117 0.325161 0.377661 0.396697 0.415421 0.469885 0.496449 0.501538 0.511388 0.539436 0.548631 0.578369 0.589065 0.621495 0.629563 0.629788 0.652953 0.655348 0.666034
0.257984 0.304559 0.330878 0.376104 0.396299 0.413755 0.469616 0.497072 0.503879 0.513395 0.536721 0.546360 0.580672 0.591737 0.619952 0.627201 0.630123 0.653184 0.655023 0.664525
0.262250 0.300967 0.335878 0.374423 0.395961 0.412248 0.469373 0.497497 0.506240 0.515585 0.534051 0.543948 0.583077 0.594355 0.617792 0.624801 0.631083 0.653377 0.654557 0.663265
0.266420 0.297338 0.340273 0.372644 0.395684 0.410959 0.469165 0.497782 0.508596 0.517875 0.531445 0.541483 0.585471 0.596887 0.615461 0.622422 0.632232 0.653534 0.653958 0.662287
0.270504 0.293669 0.344068 0.370833 0.395468 0.409924 0.468998 0.497968 0.510902 0.520175 0.528948 0.539054 0.587731 0.599267 0.613208 0.620147 0.633347 0.653285 0.653653 0.661588
0.274506 0.289960 0.347156 0.369140 0.395313 0.409169 0.468876 0.498084 0.513061 0.522345 0.526654 0.536794 0.589686 0.601361 0.611246 0.618118 0.634282 0.652650 0.653738 0.661135
0.278427 0.286213 0.349282 0.367843 0.395219 0.408710 0.468802 0.498146 0.514815 0.524099 0.524820 0.534987 0.591083 0.602904 0.609844 0.616609 0.634916 0.652188 0.653788 0.660883
0.281839 0.282859 0.350062 0.367338 0.395188 0.408555 0.468777 0.498165 0.515565 0.524043 0.524841 0.534227 0.591620 0.603478 0.609310 0.616042 0.635152 0.652016 0.653804 0.660800
0.281871 0.282881 0.350103 0.367215 0.395052 0.408841 0.468539 0.498371 0.515322 0.523797 0.525115 0.534467 0.591587 0.603468 0.609179 0.616133 0.635206 0.650781 0.654458 0.661437
0.281969 0.282946 0.350226 0.366849 0.394689 0.409654 0.467847 0.498964 0.514676 0.523119 0.525864 0.535129 0.591489 0.603438 0.608807 0.616388 0.635365 0.648608 0.655153 0.663080
0.282131 0.283055 0.350431 0.366243 0.394195 0.410893 0.466754 0.499866 0.513796 0.522132 0.526938 0.536090 0.591323 0.603392 0.608241 0.616761 0.635628 0.646172 0.655671 0.665271
0.282358 0.283207 0.350717 0.365403 0.393671 0.412452 0.465332 0.500962 0.512853 0.520945 0.528212 0.537239 0.591088 0.603335 0.607530 0.617206 0.635990 0.643622 0.656150 0.667721
0.282648 0.283402 0.351082 0.364339 0.393192 0.414244 0.463647 0.502082 0.512025 0.519633 0.529610 0.538503 0.590780 0.603275 0.606712 0.617690 0.636446 0.641016 0.656655 0.670296
0.283002 0.283640 0.351526 0.363065 0.392801 0.416209 0.461761 0.502973 0.511552 0.518241 0.531085 0.539836 0.590396 0.603217 0.605815 0.618190 0.636989 0.638387 0.657213 0.672933
0.283418 0.283921 0.352048 0.361602 0.392524 0.418304 0.459719 0.503324 0.511723 0.516796 0.532611 0.541212 0.589936 0.603168 0.604858 0.618693 0.635749 0.637612 0.657830 0.675599
0.283897 0.284244 0.352645 0.359969 0.392367 0.420499 0.457558 0.503001 0.512653 0.515316 0.534172 0.542613 0.589399 0.603129 0.603856 0.619189 0.633118 0.638306 0.658504 0.678270
0.284435 0.284610 0.353314 0.358187 0.392330 0.422772 0.455304 0.502171 0.513812 0.514158 0.535756 0.544027 0.588785 0.602798 0.603122 0.619675 0.630505 0.639064 0.659232 0.680922
0.285009 0.285043 0.354055 0.356278 0.392407 0.425107 0.452979 0.501052 0.512292 0.516005 0.537355 0.545448 0.588100 0.601735 0.603101 0.620148 0.627921 0.639877 0.660006 0.683519
0.285464 0.285694 0.354260 0.354864 0.392589 0.427493 0.450599 0.499779 0.510761 0.518048 0.538965 0.546869 0.587346 0.600640 0.603089 0.620604 0.625382 0.640737 0.660821 0.686001
0.285955 0.286408 0.352151 0.355737 0.392866 0.429920 0.448174 0.498422 0.509225 0.520209 0.540581 0.548287 0.586530 0.599525 0.603061 0.621042 0.622910 0.641638 0.661669 0.688254
0.286485 0.287178 0.349964 0.356671 0.393229 0.432381 0.445717 0.497019 0.507686 0.522442 0.542199 0.549698 0.585661 0.598393 0.602989 0.620529 0.621466 0.642571 0.662542 0.690122
0.287056 0.288003 0.347713 0.357663 0.393672 0.434869 0.443233 0.495589 0.506147 0.524721 0.543816 0.551100 0.584745 0.597248 0.602826 0.618302 0.621859 0.643529 0.663436 0.691446
0.287667 0.288879 0.345409 0.358708 0.394185 0.437380 0.440731 0.494145 0.504610 0.527026 0.545430 0.552492 0.583792 0.596093 0.602503 0.616289 0.622226 0.644506 0.664342 0.689718
0.288316 0.289805 0.343060 0.359800 0.394762 0.438217 0.439910 0.492695 0.503079 0.529343 0.547039 0.553871 0.582812 0.594930 0.601927 0.614586 0.622560 0.645495 0.665257 0.687968
0.289005 0.290778 0.340675 0.360934 0.395398 0.435697 0.442454 0.491244 0.501555 0.531660 0.548638 0.555236 0.581814 0.593760 0.601001 0.613290 0.622856 0.646488 0.666176 0.686267
0.289731 0.291795 0.338261 0.362103 0.396089 0.433177 0.445010 0.489797 0.500041 0.533966 0.550227 0.556585 0.580811 0.592587 0.599678 0.612450 0.623105 0.647478 0.667094 0.684632
0.290495 0.292852 0.335824 0.363300 0.396828 0.430663 0.447573 0.488355 0.498539 0.536250 0.551802 0.557917 0.579812 0.591412 0.597990 0.612037 0.623298 0.648458 0.668009 0.683082
0.291297 0.293946 0.333371 0.364516 0.397614 0.428163 0.450140 0.486923 0.497051 0.538497 0.553359 0.559230 0.578834 0.590237 0.596021 0.611967 0.623427 0.649420 0.668917 0.681632
0.292134 0.295069 0.330910 0.365740 0.398442 0.425686 0.452707 0.485500 0.495583 0.540692 0.554896 0.560522 0.577889 0.589065 0.593864 0.612153 0.623481 0.650353 0.669816 0.680302
0.293007 0.296214 0.328449 0.366960 0.399310 0.423241 0.455270 0.484089 0.494137 0.542815 0.556409 0.561792 0.576997 0.587897 0.591595 0.612528 0.623449 0.651249 0.670706 0.679109
0.293916 0.297369 0.326002 0.368159 0.400215 0.420842 0.457821 0.482691 0.492720 0.544840 0.557895 0.563035 0.576174 0.586737 0.589269 0.613044 0.623319 0.652094 0.671585 0.678071
0.294859 0.298516 0.323585 0.369317 0.401154 0.418505 0.460352 0.481307 0.491341 0.546732 0.559349 0.564250 0.575439 0.585589 0.586940 0.613672 0.623082 0.652877 0.672453 0.677204
0.295835 0.299625 0.321228 0.370412 0.402127 0.416252 0.462850 0.479939 0.490012 0.548450 0.560770 0.565428 0.574795 0.584455 0.584671 0.614393 0.622727 0.653584 0.673310 0.676523
0.296845 0.300646 0.318980 0.371411 0.403130 0.414109 0.465295 0.478587 0.488754 0.549941 0.562159 0.566564 0.574213 0.582541 0.583357 0.615192 0.622247 0.654199 0.674156 0.676038
0.297887 0.301490 0.316929 0.372277 0.404163 0.412111 0.467653 0.477253 0.487599 0.551149 0.563516 0.567643 0.573581 0.580748 0.582290 0.616061 0.621638 0.654706 0.674987 0.675754
0.298960 0.302005 0.315226 0.372964 0.405224 0.410300 0.469865 0.475938 0.486608 0.552025 0.564830 0.568647 0.572681 0.579566 0.581281 0.616993 0.620896 0.655088 0.675615 0.675854
0.300064 0.301967 0.314093 0.373418 0.406311 0.408724 0.471829 0.474642 0.485882 0.552544 0.566022 0.569542 0.571409 0.579211 0.580361 0.617984 0.620024 0.655328 0.675700 0.676646
0.301196 0.301199 0.313707 0.373582 0.407417 0.407445 0.473362 0.473381 0.485591 0.552710 0.566666 0.570268 0.570282 0.579567 0.579616 0.619023 0.619030 0.655404 0.675801 0.677398
0.298782 0.302951 0.314416 0.373170 0.406131 0.409160 0.471510 0.474473 0.486397 0.552376 0.564861 0.570905 0.570965 0.578873 0.581089 0.617268 0.620682 0.655221 0.675081 0.677295
0.295455 0.304767 0.316057 0.371878 0.405692 0.410926 0.469693 0.474152 0.488673 0.551472 0.561581 0.570775 0.572936 0.578838 0.583339 0.615281 0.622448 0.654554 0.674086 0.678302
0.291677 0.306639 0.318162 0.369718 0.406067 0.412740 0.467934 0.472997 0.491821 0.550116 0.558104 0.569930 0.575070 0.579446 0.586053 0.613118 0.624310 0.653379 0.673565 0.679665
0.287649 0.308563 0.320523 0.366800 0.407120 0.414599 0.466239 0.471475 0.495375 0.548339 0.554718 0.568646 0.577207 0.580398 0.589076 0.610840 0.626262 0.651739 0.673562 0.681260
0.283454 0.310529 0.323045 0.363268 0.408683 0.416500 0.464614 0.469800 0.499119 0.546072 0.551630 0.567134 0.579312 0.581446 0.592311 0.608519 0.628293 0.649728 0.674008 0.683030
0.279126 0.312527 0.325681 0.359241 0.410599 0.418441 0.463069 0.468065 0.502960 0.543244 0.548991 0.565504 0.581376 0.582420 0.595691 0.606251 0.630396 0.647448 0.674804 0.684590
0.274678 0.314539 0.328407 0.354806 0.412749 0.420418 0.461612 0.466315 0.506849 0.539950 0.546757 0.563811 0.583171 0.583400 0.599167 0.604163 0.632557 0.644986 0.675865 0.685591
0.270115 0.316529 0.331204 0.350018 0.415035 0.422429 0.460256 0.464577 0.510756 0.536379 0.544769 0.562082 0.583530 0.585388 0.602422 0.602707 0.634764 0.642407 0.677122 0.686277
0.265431 0.318422 0.334063 0.344929 0.417381 0.424470 0.459014 0.462866 0.514661 0.532665 0.542916 0.560338 0.583317 0.587343 0.601221 0.606284 0.637000 0.639756 0.678523 0.685957
0.260618 0.320018 0.336975 0.339657 0.419719 0.426537 0.457902 0.461193 0.518540 0.528879 0.541143 0.558598 0.582410 0.589269 0.600690 0.609875 0.637066 0.639243 0.680031 0.684224
0.255665 0.320660 0.334694 0.339931 0.421980 0.428625 0.456932 0.459570 0.522365 0.525055 0.539427 0.556884 0.580836 0.591171 0.600820 0.613458 0.634362 0.641461 0.681616 0.681839
0.250559 0.318365 0.331673 0.342927 0.424091 0.430726 0.456096 0.458007 0.521210 0.526092 0.537754 0.555235 0.578739 0.593051 0.601477 0.617009 0.631661 0.643611 0.679237 0.683253
0.245282 0.311301 0.331551 0.345956 0.425956 0.432829 0.455299 0.456517 0.517346 0.529643 0.536113 0.553722 0.576288 0.594912 0.602506 0.620495 0.628980 0.645624 0.676501 0.684921
0.239816 0.333444 0.349014 0.427756 0.434917 0.455085 0.455118 0.513503 0.532870 0.534538 0.552488 0.573618 0.596757 0.603784 0.623879 0.626331 0.647409 0.674254 0.686596 0.695467
0.234141 0.336014 0.352096 0.429337 0.436959 0.453844 0.455753 0.509702 0.533036 0.535485 0.551811 0.570820 0.598589 0.605227 0.623727 0.627066 0.648897 0.672892 0.688251 0.696728
0.228235 0.338630 0.355197 0.430460 0.438900 0.452748 0.456911 0.505925 0.531582 0.537057 0.552115 0.567959 0.600406 0.606778 0.621187 0.629919 0.650046 0.672216 0.689842 0.697941
0.222073 0.341292 0.358312 0.431139 0.440637 0.451935 0.458533 0.502182 0.530176 0.537309 0.553669 0.565079 0.602209 0.608383 0.618740 0.632219 0.650972 0.672331 0.691287 0.698950
0.215634 0.343997 0.361436 0.431435 0.441984 0.451591 0.460544 0.498488 0.528820 0.536461 0.556229 0.562226 0.603995 0.609950 0.616465 0.633675 0.652003 0.673207 0.692420 0.699206
0.208894 0.346744 0.364564 0.431428 0.442717 0.451940 0.462838 0.494868 0.527514 0.534927 0.558790 0.560009 0.605761 0.611081 0.614758 0.634054 0.653517 0.674700 0.692918 0.698114
0.201831 0.349532 0.367691 0.431197 0.442777 0.453038 0.465286 0.491367 0.526261 0.532990 0.556436 0.563070 0.607497 0.610453 0.614939 0.633375 0.655670 0.676631 0.692444 0.696342
0.194427 0.352359 0.370810 0.430808 0.442358 0.454695 0.467722 0.488084 0.525061 0.530803 0.553697 0.566737 0.608621 0.609187 0.616457 0.631896 0.658364 0.678827 0.691080 0.694434
0.186668 0.355224 0.373915 0.430312 0.441683 0.456682 0.469859 0.485250 0.523916 0.528446 0.550992 0.570513 0.606620 0.610799 0.618282 0.629926 0.661423 0.681102 0.689195 0.692615
0.178545 0.358124 0.376999 0.429747 0.440896 0.458857 0.471102 0.483420 0.522828 0.525970 0.548337 0.574339 0.604654 0.612265 0.620217 0.627739 0.664710 0.683118 0.687043 0.691205
0.170057 0.361058 0.380055 0.429137 0.440069 0.461144 0.470654 0.483360 0.521797 0.523411 0.545730 0.578177 0.602780 0.613434 0.622216 0.625623 0.668133 0.684065 0.684750 0.690985
0.161207 0.364025 0.383073 0.428502 0.439243 0.463501 0.468621 0.484938 0.520795 0.520826 0.543168 0.581995 0.601033 0.613978 0.623997 0.624263 0.671631 0.682371 0.683373 0.692513
0.152007 0.367021 0.386043 0.427853 0.438439 0.465791 0.465905 0.487347 0.518150 0.519915 0.540645 0.585741 0.599463 0.613440 0.623378 0.626351 0.675145 0.679938 0.681824 0.695013
0.142474 0.370046 0.388953 0.427196 0.437670 0.462641 0.468339 0.490096 0.515499 0.519067 0.538157 0.589279 0.598201 0.611786 0.623844 0.628472 0.677466 0.678345 0.680313 0.697885
0.132631 0.373097 0.391791 0.426535 0.436945 0.459370 0.470791 0.492969 0.512867 0.518284 0.535697 0.592076 0.597778 0.609470 0.624974 0.630623 0.674968 0.677660 0.682586 0.700929
0.122503 0.376171 0.394541 0.425868 0.436267 0.456069 0.473253 0.495865 0.510280 0.517569 0.533262 0.592891 0.599429 0.606868 0.626421 0.632796 0.672453 0.675705 0.686084 0.704071
0.112118 0.379265 0.397186 0.425186 0.435642 0.452792 0.475715 0.498718 0.507762 0.516925 0.530850 0.592296 0.602576 0.604172 0.628017 0.634980 0.669932 0.673690 0.689616 0.702753
0.101504 0.382374 0.399706 0.424477 0.435071 0.449580 0.478168 0.501480 0.505340 0.516358 0.528462 0.591396 0.601485 0.606108 0.629683 0.637159 0.667421 0.671681 0.693126 0.699072
0.090691 0.385495 0.402078 0.423718 0.434557 0.446472 0.480598 0.503043 0.504101 0.515880 0.526104 0.590487 0.598875 0.609722 0.631375 0.639303 0.664945 0.669702 0.695451 0.696591
0.079705 0.388622 0.404277 0.422875 0.434101 0.443519 0.482993 0.500902 0.506523 0.515509 0.523783 0.589646 0.596395 0.613328 0.633061 0.641356 0.662554 0.667773 0.691915 0.699994
0.068574 0.391745 0.406273 0.421901 0.433704 0.440781 0.485329 0.498947 0.508665 0.515287 0.521518 0.588900 0.594095 0.616890 0.634712 0.643208 0.660346 0.665917 0.688490 0.703316
0.057321 0.394854 0.408038 0.420733 0.433367 0.438337 0.487577 0.497213 0.510400 0.515294 0.519335 0.588260 0.592023 0.620376 0.636295 0.644644 0.658521 0.664164 0.685212 0.706528
0.045970 0.397931 0.409539 0.419310 0.433090 0.436267 0.489687 0.495733 0.511571 0.515642 0.517281 0.587733 0.590231 0.623758 0.637765 0.645298 0.657417 0.662556 0.682138 0.709591
0.034543 0.400948 0.410746 0.417594 0.432875 0.434642 0.491585 0.494541 0.512160 0.515428 0.516301 0.587320 0.588769 0.626985 0.639061 0.644858 0.657301 0.661154 0.679356 0.712435
0.023059 0.403843 0.411632 0.415614 0.432721 0.433494 0.493149 0.493666 0.512388 0.513897 0.517006 0.587025 0.587683 0.629957 0.640102 0.643505 0.657937 0.660038 0.677022 0.714921
0.011539 0.406434 0.412173 0.413558 0.432628 0.432819 0.493128 0.494215 0.512461 0.512853 0.517508 0.586847 0.587014 0.632397 0.640787 0.641875 0.658711 0.659307 0.675392 0.716764
0.000000 0.407812 0.412355 0.412355 0.432598 0.432598 0.492948 0.494597 0.512478 0.512478 0.517687 0.586788 0.586788 0.633488 0.641028 0.641028 0.659051 0.659051 0.674790 0.717482
