0.000000 0.415709 0.427033 0.427033 0.478238 0.478238 0.520031 0.569552 0.569552 0.579258 0.583582 0.660662 0.660662 0.679275 0.679275 0.682810 0.692627 0.692627 0.708145 0.762842
0.009994 0.415236 0.426974 0.427457 0.478216 0.478320 0.519966 0.569537 0.569614 0.579117 0.583662 0.660627 0.660743 0.678000 0.679136 0.683951 0.692432 0.692856 0.708576 0.762524
0.019978 0.413982 0.426797 0.428559 0.478152 0.478563 0.519771 0.569494 0.569792 0.578706 0.583901 0.660512 0.660959 0.675786 0.678730 0.685731 0.691934 0.693594 0.709783 0.761611
0.029942 0.412241 0.426507 0.430041 0.478054 0.478964 0.519450 0.569419 0.570057 0.578062 0.584299 0.660293 0.661224 0.673528 0.678093 0.687243 0.691307 0.694929 0.711575 0.760200
0.039875 0.410219 0.426109 0.431690 0.477934 0.479515 0.519007 0.569312 0.570341 0.577268 0.584852 0.659932 0.661346 0.671538 0.677301 0.688366 0.690699 0.696837 0.713772 0.758407
0.049769 0.408024 0.425612 0.433385 0.477810 0.480208 0.518448 0.569171 0.570497 0.576491 0.585555 0.659375 0.660989 0.670169 0.676458 0.689219 0.690186 0.699159 0.716243 0.756337
0.059610 0.405717 0.425023 0.435052 0.477705 0.481033 0.517781 0.568993 0.570256 0.576019 0.586401 0.658567 0.659838 0.669716 0.675685 0.689788 0.689956 0.701728 0.718903 0.754074
0.069390 0.403327 0.424353 0.436640 0.477645 0.481979 0.517011 0.568778 0.569382 0.576109 0.587382 0.657467 0.657954 0.670085 0.675088 0.689498 0.690679 0.704439 0.721694 0.751686
0.079095 0.400874 0.423611 0.438111 0.477660 0.483032 0.516145 0.567934 0.568527 0.576726 0.588485 0.655628 0.656063 0.670947 0.674735 0.689298 0.691455 0.707229 0.724577 0.749225
0.088714 0.398369 0.422808 0.439431 0.477782 0.484181 0.515187 0.566113 0.568240 0.577691 0.589696 0.653071 0.654381 0.672047 0.674646 0.689172 0.692323 0.710060 0.727523 0.746736
0.098235 0.395817 0.421953 0.440569 0.478044 0.485413 0.514142 0.564064 0.567920 0.578882 0.590997 0.650395 0.652471 0.673234 0.674810 0.689104 0.693306 0.712906 0.730509 0.744264
0.107644 0.393224 0.421053 0.441503 0.478476 0.486715 0.513013 0.561874 0.567568 0.580232 0.592369 0.647653 0.650395 0.674416 0.675194 0.689083 0.694413 0.715740 0.733511 0.741858
0.116929 0.390592 0.420119 0.442215 0.479100 0.488072 0.511799 0.559602 0.567188 0.581705 0.593787 0.644877 0.648216 0.675535 0.675766 0.689104 0.695634 0.718526 0.736502 0.739586
0.126075 0.387922 0.419155 0.442699 0.479933 0.489472 0.510500 0.557294 0.566782 0.583278 0.595225 0.642082 0.645990 0.676494 0.676560 0.689160 0.696936 0.721201 0.737552 0.739439
0.135068 0.385214 0.418170 0.442956 0.480978 0.490897 0.509114 0.554989 0.566355 0.584936 0.596647 0.639280 0.643775 0.677353 0.677473 0.689251 0.698258 0.723636 0.735947 0.742240
0.143896 0.382469 0.417168 0.443000 0.482231 0.492331 0.507640 0.552723 0.565909 0.586665 0.598013 0.636481 0.641624 0.678272 0.678318 0.689378 0.699506 0.725556 0.735125 0.744718
0.152544 0.379687 0.416154 0.442851 0.483681 0.493746 0.506079 0.550533 0.565448 0.588453 0.599271 0.633692 0.639599 0.678965 0.679368 0.689544 0.700552 0.726621 0.735537 0.746424
0.160999 0.376866 0.415133 0.442534 0.485308 0.495104 0.504449 0.548454 0.564976 0.590290 0.600361 0.630920 0.637765 0.679561 0.680482 0.689757 0.701244 0.726980 0.737165 0.746726
0.169250 0.374007 0.414108 0.442076 0.487093 0.496312 0.502813 0.546521 0.564496 0.592162 0.601208 0.628175 0.636197 0.680073 0.681633 0.690033 0.701436 0.727266 0.739502 0.745719
0.177286 0.371108 0.413081 0.441505 0.489014 0.497075 0.501439 0.544770 0.564013 0.594055 0.601735 0.625470 0.634973 0.680513 0.682789 0.690393 0.701039 0.727925 0.742168 0.744052
0.185098 0.368169 0.412054 0.440844 0.491053 0.496629 0.501064 0.543234 0.563530 0.595946 0.601871 0.622825 0.634161 0.680892 0.683907 0.690872 0.700061 0.729105 0.742111 0.744994
0.192681 0.365187 0.411029 0.440119 0.493189 0.494931 0.501703 0.541946 0.563050 0.597798 0.601567 0.620274 0.633808 0.681217 0.684934 0.691511 0.698585 0.730781 0.740051 0.747902
0.200029 0.362162 0.410006 0.439349 0.492684 0.495407 0.502632 0.540933 0.562577 0.599546 0.600816 0.617881 0.633919 0.681493 0.685821 0.692351 0.696726 0.732862 0.737940 0.750858
0.207141 0.359093 0.408985 0.438553 0.490154 0.497690 0.503564 0.540216 0.562115 0.599649 0.601057 0.615777 0.634456 0.681724 0.686542 0.693408 0.694592 0.735251 0.735811 0.753840
0.214017 0.355979 0.407965 0.437745 0.487418 0.500027 0.504413 0.539810 0.561666 0.598126 0.602073 0.614219 0.635356 0.681906 0.687102 0.692272 0.694665 0.733686 0.737866 0.756837
0.220662 0.352818 0.406944 0.436939 0.484507 0.502403 0.505145 0.539719 0.561233 0.596321 0.602212 0.613590 0.636542 0.682023 0.687531 0.689846 0.696081 0.731581 0.740647 0.759840
0.227078 0.349608 0.405918 0.436146 0.481441 0.504806 0.505747 0.539940 0.560819 0.594301 0.601295 0.614065 0.637941 0.682017 0.687416 0.687863 0.697609 0.729508 0.743546 0.762839
0.233275 0.346349 0.404884 0.435377 0.478237 0.506221 0.507226 0.540456 0.560426 0.592127 0.599599 0.615370 0.639489 0.681666 0.685235 0.688124 0.699207 0.727481 0.746526 0.763639
0.239259 0.343039 0.403836 0.434639 0.474909 0.506575 0.509648 0.541246 0.560057 0.589849 0.597482 0.617147 0.641131 0.680355 0.683944 0.688334 0.700840 0.725514 0.749561 0.762475
0.245041 0.339677 0.402765 0.433939 0.471473 0.506826 0.512060 0.542280 0.559713 0.587511 0.595160 0.619180 0.642822 0.678079 0.683564 0.688505 0.702474 0.723624 0.752625 0.761276
0.250629 0.336260 0.401663 0.433283 0.467945 0.506991 0.514446 0.543526 0.559396 0.585147 0.592740 0.621363 0.644523 0.675456 0.683490 0.688645 0.704077 0.721833 0.755697 0.760061
0.256035 0.332787 0.400516 0.432677 0.464339 0.507090 0.516790 0.544952 0.559108 0.582792 0.590280 0.623643 0.646200 0.672718 0.683503 0.688759 0.705609 0.720171 0.758753 0.758849
0.261269 0.329257 0.399308 0.432125 0.460674 0.507140 0.519068 0.546525 0.558851 0.580478 0.587813 0.625990 0.647820 0.669932 0.683542 0.688852 0.707021 0.718681 0.757657 0.761771
0.266341 0.325668 0.398017 0.431630 0.456966 0.507157 0.521255 0.548214 0.558627 0.578240 0.585364 0.628384 0.649354 0.667126 0.683587 0.688924 0.708238 0.717432 0.756506 0.764720
0.271259 0.322017 0.396617 0.431195 0.453236 0.507153 0.523318 0.549984 0.558436 0.576116 0.582957 0.630811 0.650770 0.664315 0.683632 0.688979 0.709151 0.716526 0.755419 0.767562
0.276031 0.318305 0.348526 0.395189 0.430823 0.453680 0.507173 0.525216 0.552090 0.558281 0.574151 0.580696 0.633444 0.652040 0.661694 0.683674 0.689016 0.709641 0.716076 0.754422
0.280663 0.314532 0.354797 0.393749 0.430516 0.453913 0.507178 0.526899 0.554059 0.558163 0.572399 0.578564 0.636032 0.653134 0.659101 0.683708 0.689038 0.709695 0.716085 0.753545
0.285154 0.310704 0.359550 0.392351 0.430276 0.453755 0.507173 0.528307 0.555832 0.558082 0.570921 0.576622 0.638535 0.654023 0.656562 0.683733 0.689046 0.709477 0.716379 0.752817
0.289485 0.306844 0.363031 0.391115 0.430103 0.453509 0.507167 0.529378 0.557327 0.558035 0.569786 0.574993 0.640881 0.654177 0.654682 0.683750 0.689042 0.709192 0.716741 0.752270
0.293543 0.303067 0.365218 0.390231 0.429999 0.453313 0.507164 0.530051 0.558017 0.558375 0.569060 0.573860 0.642826 0.652200 0.655090 0.683759 0.689030 0.708979 0.717021 0.751929
0.296128 0.300575 0.365976 0.389907 0.429964 0.453228 0.507166 0.530281 0.558021 0.558765 0.568796 0.573440 0.643681 0.651327 0.655235 0.683759 0.689011 0.708903 0.717144 0.751813
0.296150 0.300610 0.366018 0.389799 0.429955 0.453387 0.506957 0.530404 0.557876 0.558623 0.569018 0.573575 0.643605 0.651286 0.655158 0.683741 0.689044 0.709060 0.717146 0.751848
0.296218 0.300715 0.366146 0.389479 0.429932 0.453859 0.506345 0.530753 0.557456 0.558243 0.569641 0.573964 0.643378 0.651163 0.654927 0.683694 0.689144 0.709524 0.717151 0.751953
0.296331 0.300889 0.366359 0.388950 0.429910 0.454623 0.505377 0.531270 0.556798 0.557725 0.570579 0.574571 0.643004 0.650960 0.654541 0.683635 0.689309 0.710275 0.717159 0.752126
0.296488 0.301132 0.366655 0.388218 0.429908 0.455652 0.504110 0.531877 0.555948 0.557176 0.571741 0.575351 0.642490 0.650679 0.654000 0.683588 0.689536 0.711284 0.717169 0.752366
0.296690 0.301442 0.367034 0.387293 0.429948 0.456914 0.502605 0.532491 0.554948 0.556687 0.573064 0.576259 0.641842 0.650324 0.653306 0.683577 0.689823 0.712517 0.717177 0.752673
0.296937 0.301820 0.367495 0.386185 0.430048 0.458378 0.500910 0.533030 0.553835 0.556334 0.574503 0.577262 0.641069 0.649896 0.652466 0.683623 0.690166 0.713943 0.717182 0.753044
0.297227 0.302262 0.368035 0.384907 0.430221 0.460012 0.499066 0.533426 0.552637 0.556175 0.576028 0.578331 0.640180 0.649401 0.651487 0.683740 0.690560 0.715528 0.717181 0.753476
0.297562 0.302768 0.368653 0.383474 0.430478 0.461791 0.497106 0.533625 0.551374 0.556249 0.577622 0.579447 0.639181 0.648842 0.650384 0.683937 0.691002 0.717146 0.717271 0.753967
0.297939 0.303335 0.369345 0.381901 0.430822 0.463690 0.495054 0.533597 0.550062 0.556576 0.579272 0.580594 0.638081 0.648224 0.649173 0.684216 0.691487 0.717137 0.719082 0.754514
0.298359 0.303962 0.370108 0.380203 0.431255 0.465691 0.492930 0.533338 0.548712 0.557151 0.580968 0.581762 0.636884 0.647551 0.647871 0.684577 0.692010 0.717089 0.721002 0.755113
0.298822 0.304644 0.370939 0.378395 0.431774 0.467777 0.490748 0.532862 0.547334 0.557950 0.582704 0.582942 0.635596 0.646493 0.646831 0.685015 0.692566 0.717014 0.722996 0.755761
0.299327 0.305380 0.371833 0.376491 0.432376 0.469933 0.488521 0.532197 0.545933 0.558940 0.584130 0.584474 0.634222 0.645064 0.646061 0.685523 0.693151 0.716906 0.725049 0.756452
0.299872 0.306166 0.372786 0.374507 0.433055 0.472149 0.486259 0.531377 0.544517 0.560082 0.585319 0.586275 0.632767 0.643597 0.645249 0.686096 0.693760 0.716759 0.727148 0.757185
0.300459 0.306996 0.372452 0.373793 0.433805 0.474415 0.483971 0.530431 0.543090 0.561339 0.586507 0.588103 0.631235 0.642108 0.644399 0.686727 0.694389 0.716564 0.729282 0.757953
0.301087 0.307866 0.370343 0.374845 0.434620 0.476721 0.481666 0.529387 0.541655 0.562681 0.587691 0.589954 0.629632 0.640612 0.643514 0.687410 0.695035 0.716316 0.731441 0.758752
0.301754 0.308771 0.368191 0.375937 0.435493 0.479051 0.479361 0.528269 0.540217 0.564079 0.588868 0.591826 0.627964 0.639122 0.642598 0.688140 0.695691 0.716005 0.733617 0.759577
0.302460 0.309703 0.366008 0.377059 0.436419 0.477032 0.481431 0.527094 0.538780 0.565511 0.590038 0.593713 0.626237 0.637646 0.641653 0.688911 0.696356 0.715626 0.735800 0.760423
0.303205 0.310652 0.363808 0.378205 0.437392 0.474719 0.483820 0.525877 0.537346 0.566958 0.591198 0.595613 0.624461 0.636196 0.640682 0.689719 0.697024 0.715170 0.737982 0.761282
0.303989 0.311609 0.361603 0.379362 0.438406 0.472419 0.486226 0.524629 0.535919 0.568405 0.592347 0.597518 0.622645 0.634779 0.639689 0.690562 0.697692 0.714633 0.740153 0.762148
0.304810 0.312560 0.359411 0.380519 0.439457 0.470140 0.488644 0.523359 0.534503 0.569836 0.593486 0.599421 0.620802 0.633405 0.638676 0.691435 0.698356 0.714009 0.742306 0.763012
0.305669 0.313488 0.357250 0.381663 0.440540 0.467892 0.491067 0.522075 0.533104 0.571236 0.594611 0.601312 0.618944 0.632083 0.637645 0.692337 0.699012 0.713296 0.744430 0.763859
0.306564 0.314371 0.355142 0.382781 0.441650 0.465685 0.493488 0.520783 0.531725 0.572593 0.595724 0.603173 0.617089 0.630828 0.636599 0.693265 0.699654 0.712492 0.746515 0.764670
0.307494 0.315181 0.353117 0.383854 0.442784 0.463531 0.495902 0.519487 0.530376 0.573890 0.596823 0.604979 0.615261 0.629658 0.635540 0.694218 0.700278 0.711598 0.748549 0.765367
0.308461 0.315881 0.351210 0.384864 0.443939 0.461442 0.498297 0.518191 0.529065 0.575109 0.597907 0.606676 0.613504 0.628599 0.634470 0.695193 0.700875 0.710618 0.750519 0.765161
0.309461 0.316429 0.349464 0.385791 0.445112 0.459435 0.500659 0.516900 0.527806 0.576231 0.598975 0.608120 0.611946 0.627692 0.633392 0.696189 0.701436 0.709562 0.752411 0.764437
0.310496 0.316769 0.347933 0.386611 0.446299 0.457526 0.502966 0.515617 0.526622 0.577229 0.600028 0.608654 0.611211 0.626994 0.632309 0.697205 0.701940 0.708449 0.754208 0.763651
0.311564 0.316844 0.346674 0.387299 0.447498 0.455734 0.505185 0.514344 0.525547 0.578073 0.601062 0.607701 0.611828 0.626587 0.631222 0.698240 0.702347 0.707320 0.755889 0.762819
0.312665 0.316597 0.345740 0.387827 0.448708 0.454077 0.507260 0.513084 0.524636 0.578726 0.602077 0.606388 0.612614 0.626561 0.630135 0.699292 0.702555 0.706279 0.757427 0.761945
0.313797 0.315988 0.345171 0.388165 0.449924 0.452578 0.509097 0.511839 0.523983 0.579149 0.603071 0.605148 0.613113 0.626984 0.629051 0.700360 0.702333 0.705558 0.758782 0.761038
0.314942 0.315018 0.344982 0.388286 0.451101 0.451303 0.510535 0.510637 0.523727 0.579300 0.604023 0.604100 0.613262 0.627813 0.628020 0.701418 0.701522 0.705344 0.759830 0.760172
0.312772 0.316819 0.345380 0.387987 0.449497 0.453145 0.508733 0.511790 0.524426 0.578934 0.602854 0.605505 0.613024 0.626212 0.629991 0.699456 0.703174 0.705589 0.758326 0.761149
0.309902 0.318685 0.346463 0.387046 0.448379 0.454992 0.506982 0.511670 0.526451 0.577851 0.602162 0.606832 0.612468 0.624656 0.632537 0.697106 0.704854 0.705992 0.756826 0.761161
0.306483 0.320614 0.348069 0.385396 0.447761 0.456838 0.505289 0.510736 0.529345 0.576120 0.601789 0.608052 0.611915 0.623173 0.635428 0.694572 0.706351 0.706556 0.755365 0.760383
0.302642 0.322601 0.350058 0.383001 0.447619 0.458678 0.503658 0.509417 0.532681 0.573877 0.601482 0.609122 0.611626 0.621811 0.638524 0.691929 0.706599 0.708275 0.753977 0.759140
0.298471 0.324644 0.352327 0.379839 0.447896 0.460507 0.502093 0.507937 0.536238 0.571260 0.601001 0.609964 0.611780 0.620644 0.641748 0.689215 0.706699 0.710003 0.752692 0.757644
0.294027 0.326740 0.354802 0.375886 0.448504 0.462318 0.500590 0.506406 0.539911 0.568380 0.600238 0.610466 0.612418 0.619785 0.645054 0.686460 0.706628 0.711731 0.751533 0.756006
0.289348 0.328886 0.357430 0.371088 0.449342 0.464105 0.499135 0.504883 0.543646 0.565317 0.599216 0.610509 0.613467 0.619351 0.648411 0.683690 0.706367 0.713447 0.750520 0.754289
0.284452 0.331088 0.360176 0.365305 0.450292 0.465859 0.497690 0.503403 0.547411 0.562119 0.598010 0.610061 0.614811 0.619369 0.651798 0.680931 0.705905 0.715134 0.749659 0.752533
0.279351 0.333388 0.358186 0.363011 0.451211 0.467569 0.496153 0.501994 0.551185 0.558808 0.596689 0.609225 0.616352 0.619730 0.655189 0.678210 0.705238 0.716767 0.748941 0.750767
0.274046 0.336192 0.348544 0.365914 0.451873 0.469222 0.494231 0.500683 0.554949 0.555365 0.595294 0.608150 0.618012 0.620280 0.658549 0.675555 0.704369 0.718305 0.748336 0.749007
0.268533 0.340739 0.368866 0.453335 0.470799 0.493325 0.499493 0.551996 0.558685 0.593896 0.606955 0.619822 0.620890 0.662032 0.672998 0.703309 0.719718 0.747336 0.747777 0.757683
0.262805 0.343121 0.371854 0.455321 0.472279 0.493976 0.498453 0.548807 0.562373 0.592529 0.605721 0.621472 0.621746 0.665642 0.670572 0.702073 0.720964 0.745865 0.747147 0.755980
0.256852 0.345554 0.374864 0.456822 0.473633 0.495069 0.497594 0.545674 0.565986 0.591180 0.604505 0.621964 0.623707 0.668317 0.669238 0.700684 0.721941 0.744632 0.746285 0.754690
0.250662 0.348035 0.377885 0.457838 0.474829 0.496574 0.496954 0.542631 0.569489 0.589856 0.603357 0.622317 0.625694 0.666273 0.672810 0.699166 0.722548 0.743738 0.745053 0.753936
0.244221 0.350563 0.380905 0.458403 0.475836 0.496566 0.498411 0.539724 0.572829 0.588564 0.602331 0.622495 0.627699 0.664482 0.676347 0.697544 0.722687 0.743278 0.743442 0.753707
0.237515 0.353134 0.383915 0.458577 0.476624 0.496462 0.500456 0.537021 0.575930 0.587308 0.601493 0.622475 0.629717 0.662984 0.679834 0.695845 0.722303 0.741548 0.743303 0.753538
0.230530 0.355746 0.386903 0.458429 0.477182 0.496656 0.502538 0.534626 0.578679 0.586091 0.600934 0.622254 0.631744 0.661807 0.683248 0.694096 0.721417 0.739477 0.743781 0.750375
0.223254 0.358398 0.389859 0.458022 0.477516 0.497141 0.504434 0.532696 0.580933 0.584916 0.600759 0.621860 0.633776 0.660969 0.686559 0.692320 0.720113 0.737298 0.744518 0.747462
0.215675 0.361085 0.392772 0.457412 0.477655 0.497890 0.505871 0.531449 0.582550 0.583785 0.601043 0.621366 0.635811 0.660469 0.689717 0.690544 0.718516 0.735054 0.743770 0.746481
0.207786 0.363806 0.395633 0.456644 0.477642 0.498860 0.506570 0.531118 0.582701 0.583462 0.601739 0.620908 0.637845 0.660290 0.688789 0.692639 0.716763 0.732769 0.741195 0.747724
0.199583 0.366559 0.398429 0.455749 0.477524 0.500002 0.506385 0.531815 0.581666 0.583732 0.602609 0.620698 0.639877 0.660399 0.687081 0.695184 0.715024 0.730458 0.738651 0.749313
0.191063 0.369340 0.401151 0.454751 0.477345 0.501273 0.505387 0.533441 0.580682 0.583510 0.603274 0.621004 0.641903 0.660755 0.685441 0.697116 0.713523 0.728130 0.736357 0.751047
0.182231 0.372146 0.403785 0.453667 0.477141 0.502633 0.503794 0.535759 0.579750 0.582954 0.603400 0.622050 0.643920 0.661311 0.683896 0.698103 0.712536 0.725789 0.734432 0.752873
0.173094 0.374975 0.406322 0.452506 0.476940 0.501829 0.504051 0.538529 0.578874 0.582183 0.602876 0.623871 0.645923 0.662019 0.682472 0.697907 0.712188 0.723438 0.733027 0.754758
0.163665 0.377824 0.408749 0.451275 0.476765 0.499661 0.505500 0.541573 0.578055 0.581278 0.601806 0.626322 0.647908 0.662825 0.681202 0.696657 0.712191 0.721078 0.732331 0.753986
0.153959 0.380688 0.411056 0.449974 0.476631 0.497401 0.506958 0.544765 0.577297 0.580290 0.600365 0.629212 0.649866 0.663675 0.680126 0.694719 0.712049 0.718711 0.732500 0.750907
0.143993 0.383565 0.413232 0.448603 0.476547 0.495129 0.508407 0.548018 0.576605 0.579255 0.598705 0.632384 0.651788 0.664504 0.679295 0.692413 0.711456 0.716334 0.733550 0.747423
0.133787 0.386449 0.415267 0.447159 0.476519 0.492897 0.509831 0.551266 0.575985 0.578198 0.596936 0.635729 0.653659 0.665243 0.678770 0.689940 0.710387 0.713946 0.735331 0.743750
0.123362 0.389336 0.417153 0.445639 0.476550 0.490745 0.511217 0.554451 0.575446 0.577136 0.595138 0.639170 0.655459 0.665831 0.678610 0.687435 0.708959 0.711546 0.737628 0.739998
0.112739 0.392220 0.418881 0.444037 0.476636 0.488706 0.512549 0.557519 0.575002 0.576085 0.593368 0.642645 0.657158 0.666233 0.678853 0.685001 0.707302 0.709131 0.736230 0.740254
0.101940 0.395094 0.420447 0.442352 0.476771 0.486805 0.513815 0.560407 0.574680 0.575059 0.591670 0.646099 0.658711 0.666472 0.679489 0.682737 0.705510 0.706698 0.732486 0.743072
0.090986 0.397950 0.421846 0.440580 0.476947 0.485063 0.515001 0.563034 0.574072 0.574519 0.590080 0.649462 0.660052 0.666635 0.680464 0.680749 0.703654 0.704247 0.728797 0.745984
0.079896 0.400777 0.423077 0.438725 0.477153 0.483497 0.516094 0.565294 0.573138 0.574590 0.588625 0.652634 0.661095 0.666862 0.679161 0.681698 0.701777 0.701780 0.725196 0.748916
0.068690 0.403559 0.424138 0.436795 0.477374 0.482121 0.517080 0.567060 0.572275 0.574978 0.587327 0.655455 0.661749 0.667356 0.678094 0.683102 0.699297 0.699929 0.721718 0.751801
0.057386 0.406274 0.425030 0.434806 0.477597 0.480944 0.517945 0.568252 0.571499 0.575716 0.586205 0.657698 0.661972 0.668370 0.677612 0.684570 0.696839 0.698142 0.718406 0.754570
0.046003 0.408887 0.425756 0.432791 0.477805 0.479974 0.518676 0.568939 0.570830 0.576694 0.585271 0.659196 0.661825 0.670079 0.677664 0.685926 0.694505 0.696466 0.715325 0.757141
0.034556 0.411332 0.426317 0.430811 0.477984 0.479216 0.519259 0.569291 0.570285 0.577695 0.584537 0.660029 0.661463 0.672396 0.678081 0.686724 0.692654 0.694969 0.712568 0.759406
0.023063 0.413484 0.426716 0.428992 0.478122 0.478674 0.519685 0.569459 0.569883 0.578528 0.584008 0.660436 0.661065 0.675039 0.678635 0.686094 0.692042 0.693744 0.710286 0.761222
0.011539 0.415085 0.426954 0.427591 0.478209 0.478347 0.519944 0.569532 0.569635 0.579071 0.583688 0.660613 0.660770 0.677675 0.679096 0.684222 0.692386 0.692921 0.708717 0.762420
0.000000 0.415709 0.427033 0.427033 0.478238 0.478238 0.520031 0.569552 0.569552 0.579258 0.583582 0.660662 0.660662 0.679275 0.679275 0.682810 0.692627 0.692627 0.708145 0.762842
