0.000000 0.000000 0.000000 0.000000 0.000000 0.000000 0.000000 0.000000 0.000000 0.000000 0.000000 0.000000 0.000000 0.000000 0.000000 0.000000 0.000000 0.000000 0.000000 0.000000
0.009151 0.009151 0.009151 0.009151 0.009151 0.009151 0.009151 0.009151 0.009151 0.009151 0.009151 0.009151 0.009151 0.009151 0.009151 0.009151 0.009151 0.009151 0.009151 0.009151
0.018301 0.018301 0.018301 0.018301 0.018301 0.018301 0.018301 0.018301 0.018301 0.018301 0.018301 0.018301 0.018301 0.018301 0.018301 0.018301 0.018301 0.018301 0.018301 0.018301
0.027452 0.027452 0.027452 0.027452 0.027452 0.027452 0.027452 0.027452 0.027452 0.027452 0.027452 0.027452 0.027452 0.027452 0.027452 0.027452 0.027452 0.027452 0.027452 0.027452
0.036603 0.036603 0.036603 0.036603 0.036603 0.036603 0.036603 0.036603 0.036603 0.036603 0.036603 0.036603 0.036603 0.036603 0.036603 0.036603 0.036603 0.036603 0.036603 0.036603
0.045753 0.045753 0.045753 0.045753 0.045753 0.045753 0.045753 0.045753 0.045753 0.045753 0.045753 0.045753 0.045753 0.045753 0.045753 0.045753 0.045753 0.045753 0.045753 0.045753
0.054904 0.054904 0.054904 0.054904 0.054904 0.054904 0.054904 0.054904 0.054904 0.054904 0.054904 0.054904 0.054904 0.054904 0.054904 0.054904 0.054904 0.054904 0.054904 0.054904
0.064054 0.064054 0.064054 0.064054 0.064054 0.064054 0.064054 0.064054 0.064054 0.064054 0.064054 0.064054 0.064054 0.064054 0.064054 0.064054 0.064054 0.064054 0.064054 0.064054
0.073205 0.073205 0.073205 0.073205 0.073205 0.073205 0.073205 0.073205 0.073205 0.073205 0.073205 0.073205 0.073205 0.073205 0.073205 0.073205 0.073205 0.073205 0.073205 0.073205
0.082356 0.082356 0.082356 0.082356 0.082356 0.082356 0.082356 0.082356 0.082356 0.082356 0.082356 0.082356 0.082356 0.082356 0.082356 0.082356 0.082356 0.082356 0.082356 0.082356
0.091506 0.091506 0.091506 0.091506 0.091506 0.091506 0.091506 0.091506 0.091506 0.091506 0.091506 0.091506 0.091506 0.091506 0.091506 0.091506 0.091506 0.091506 0.091506 0.091506
0.100657 0.100657 0.100657 0.100657 0.100657 0.100657 0.100657 0.100657 0.100657 0.100657 0.100657 0.100657 0.100657 0.100657 0.100657 0.100657 0.100657 0.100657 0.100657 0.100657
0.109808 0.109808 0.109808 0.109808 0.109808 0.109808 0.109808 0.109808 0.109808 0.109808 0.109808 0.109808 0.109808 0.109808 0.109808 0.109808 0.109808 0.109808 0.109808 0.109808
0.118958 0.118958 0.118958 0.118958 0.118958 0.118958 0.118958 0.118958 0.118958 0.118958 0.118958 0.118958 0.118958 0.118958 0.118958 0.118958 0.118958 0.118958 0.118958 0.118958
0.128109 0.128109 0.128109 0.128109 0.128109 0.128109 0.128109 0.128109 0.128109 0.128109 0.128109 0.128109 0.128109 0.128109 0.128109 0.128109 0.128109 0.128109 0.128109 0.128109
0.137260 0.137260 0.137260 0.137260 0.137260 0.137260 0.137260 0.137260 0.137260 0.137260 0.137260 0.137260 0.137260 0.137260 0.137260 0.137260 0.137260 0.137260 0.137260 0.137260
0.146410 0.146410 0.146410 0.146410 0.146410 0.146410 0.146410 0.146410 0.146410 0.146410 0.146410 0.146410 0.146410 0.146410 0.146410 0.146410 0.146410 0.146410 0.146410 0.146410
0.155561 0.155561 0.155561 0.155561 0.155561 0.155561 0.155561 0.155561 0.155561 0.155561 0.155561 0.155561 0.155561 0.155561 0.155561 0.155561 0.155561 0.155561 0.155561 0.155561
0.164711 0.164711 0.164711 0.164711 0.164711 0.164711 0.164711 0.164711 0.164711 0.164711 0.164711 0.164711 0.164711 0.164711 0.164711 0.164711 0.164711 0.164711 0.164711 0.164711
0.173862 0.173862 0.173862 0.173862 0.173862 0.173862 0.173862 0.173862 0.173862 0.173862 0.173862 0.173862 0.173862 0.173862 0.173862 0.173862 0.173862 0.173862 0.173862 0.173862
0.183013 0.183013 0.183013 0.183013 0.183013 0.183013 0.183013 0.183013 0.183013 0.183013 0.183013 0.183013 0.183013 0.183013 0.183013 0.183013 0.183013 0.183013 0.183013 0.183013
0.192163 0.192163 0.192163 0.192163 0.192163 0.192163 0.192163 0.192163 0.192163 0.192163 0.192163 0.192163 0.192163 0.192163 0.192163 0.192163 0.192163 0.192163 0.192163 0.192163
0.201314 0.201314 0.201314 0.201314 0.201314 0.201314 0.201314 0.201314 0.201314 0.201314 0.201314 0.201314 0.201314 0.201314 0.201314 0.201314 0.201314 0.201314 0.201314 0.201314
0.210465 0.210465 0.210465 0.210465 0.210465 0.210465 0.210465 0.210465 0.210465 0.210465 0.210465 0.210465 0.210465 0.210465 0.210465 0.210465 0.210465 0.210465 0.210465 0.210465
0.219615 0.219615 0.219615 0.219615 0.219615 0.219615 0.219615 0.219615 0.219615 0.219615 0.219615 0.219615 0.219615 0.219615 0.219615 0.219615 0.219615 0.219615 0.219615 0.219615
0.228766 0.228766 0.228766 0.228766 0.228766 0.228766 0.228766 0.228766 0.228766 0.228766 0.228766 0.228766 0.228766 0.228766 0.228766 0.228766 0.228766 0.228766 0.228766 0.228766
0.237917 0.237917 0.237917 0.237917 0.237917 0.237917 0.237917 0.237917 0.237917 0.237917 0.237917 0.237917 0.237917 0.237917 0.237917 0.237917 0.237917 0.237917 0.237917 0.237917
0.247067 0.247067 0.247067 0.247067 0.247067 0.247067 0.247067 0.247067 0.247067 0.247067 0.247067 0.247067 0.247067 0.247067 0.247067 0.247067 0.247067 0.247067 0.247067 0.247067
0.256218 0.256218 0.256218 0.256218 0.256218 0.256218 0.256218 0.256218 0.256218 0.256218 0.256218 0.256218 0.256218 0.256218 0.256218 0.256218 0.256218 0.256218 0.256218 0.256218
0.265368 0.265368 0.265368 0.265368 0.265368 0.265368 0.265368 0.265368 0.265368 0.265368 0.265368 0.265368 0.265368 0.265368 0.265368 0.265368 0.265368 0.265368 0.265368 0.265368
0.274519 0.274519 0.274519 0.274519 0.274519 0.274519 0.274519 0.274519 0.274519 0.274519 0.274519 0.274519 0.274519 0.274519 0.274519 0.274519 0.274519 0.274519 0.274519 0.274519
0.283670 0.283670 0.283670 0.283670 0.283670 0.283670 0.283670 0.283670 0.283670 0.283670 0.283670 0.283670 0.283670 0.283670 0.283670 0.283670 0.283670 0.283670 0.283670 0.283670
0.292820 0.292820 0.292820 0.292820 0.292820 0.292820 0.292820 0.292820 0.292820 0.292820 0.292820 0.292820 0.292820 0.292820 0.292820 0.292820 0.292820 0.292820 0.292820 0.292820
0.301971 0.301971 0.301971 0.301971 0.301971 0.301971 0.301971 0.301971 0.301971 0.301971 0.301971 0.301971 0.301971 0.301971 0.301971 0.301971 0.301971 0.301971 0.301971 0.301971
0.311122 0.311122 0.311122 0.311122 0.311122 0.311122 0.311122 0.311122 0.311122 0.311122 0.311122 0.311122 0.311122 0.311122 0.311122 0.311122 0.311122 0.311122 0.311122 0.311122
0.320272 0.320272 0.320272 0.320272 0.320272 0.320272 0.320272 0.320272 0.320272 0.320272 0.320272 0.320272 0.320272 0.320272 0.320272 0.320272 0.320272 0.320272 0.320272 0.320272
0.329423 0.329423 0.329423 0.329423 0.329423 0.329423 0.329423 0.329423 0.329423 0.329423 0.329423 0.329423 0.329423 0.329423 0.329423 0.329423 0.329423 0.329423 0.329423 0.329423
0.338573 0.338573 0.338573 0.338573 0.338573 0.338573 0.338573 0.338573 0.338573 0.338573 0.338573 0.338573 0.338573 0.338573 0.338573 0.338573 0.338573 0.338573 0.338573 0.338573
0.347724 0.347724 0.347724 0.347724 0.347724 0.347724 0.347724 0.347724 0.347724 0.347724 0.347724 0.347724 0.347724 0.347724 0.347724 0.347724 0.347724 0.347724 0.347724 0.347724
0.356875 0.356875 0.356875 0.356875 0.356875 0.356875 0.356875 0.356875 0.356875 0.356875 0.356875 0.356875 0.356875 0.356875 0.356875 0.356875 0.356875 0.356875 0.356875 0.356875
0.366025 0.366025 0.366025 0.366025 0.366025 0.366025 0.366025 0.366025 0.366025 0.366025 0.366025 0.366025 0.366025 0.366025 0.366025 0.366025 0.366025 0.366025 0.366025 0.366025
0.373070 0.373070 0.373070 0.373070 0.373070 0.373070 0.373070 0.373070 0.373070 0.373070 0.373070 0.373070 0.373070 0.373070 0.373070 0.373070 0.373070 0.373070 0.373070 0.373070
0.380114 0.380114 0.380114 0.380114 0.380114 0.380114 0.380114 0.380114 0.380114 0.380114 0.380114 0.380114 0.380114 0.380114 0.380114 0.380114 0.380114 0.380114 0.380114 0.380114
0.387158 0.387158 0.387158 0.387158 0.387158 0.387158 0.387158 0.387158 0.387158 0.387158 0.387158 0.387158 0.387158 0.387158 0.387158 0.387158 0.387158 0.387158 0.387158 0.387158
0.394202 0.394202 0.394202 0.394202 0.394202 0.394202 0.394202 0.394202 0.394202 0.394202 0.394202 0.394202 0.394202 0.394202 0.394202 0.394202 0.394202 0.394202 0.394202 0.394202
0.401246 0.401246 0.401246 0.401246 0.401246 0.401246 0.401246 0.401246 0.401246 0.401246 0.401246 0.401246 0.401246 0.401246 0.401246 0.401246 0.401246 0.401246 0.401246 0.401246
0.408290 0.408290 0.408290 0.408290 0.408290 0.408290 0.408290 0.408290 0.408290 0.408290 0.408290 0.408290 0.408290 0.408290 0.408290 0.408290 0.408290 0.408290 0.408290 0.408290
0.415335 0.415335 0.415335 0.415335 0.415335 0.415335 0.415335 0.415335 0.415335 0.415335 0.415335 0.415335 0.415335 0.415335 0.415335 0.415335 0.415335 0.415335 0.415335 0.415335
0.422379 0.422379 0.422379 0.422379 0.422379 0.422379 0.422379 0.422379 0.422379 0.422379 0.422379 0.422379 0.422379 0.422379 0.422379 0.422379 0.422379 0.422379 0.422379 0.422379
0.429423 0.429423 0.429423 0.429423 0.429423 0.429423 0.429423 0.429423 0.429423 0.429423 0.429423 0.429423 0.429423 0.429423 0.429423 0.429423 0.429423 0.429423 0.429423 0.429423
0.436467 0.436467 0.436467 0.436467 0.436467 0.436467 0.436467 0.436467 0.436467 0.436467 0.436467 0.436467 0.436467 0.436467 0.436467 0.436467 0.436467 0.436467 0.436467 0.436467
0.443511 0.443511 0.443511 0.443511 0.443511 0.443511 0.443511 0.443511 0.443511 0.443511 0.443511 0.443511 0.443511 0.443511 0.443511 0.443511 0.443511 0.443511 0.443511 0.443511
0.450555 0.450555 0.450555 0.450555 0.450555 0.450555 0.450555 0.450555 0.450555 0.450555 0.450555 0.450555 0.450555 0.450555 0.450555 0.450555 0.450555 0.450555 0.450555 0.450555
0.457600 0.457600 0.457600 0.457600 0.457600 0.457600 0.457600 0.457600 0.457600 0.457600 0.457600 0.457600 0.457600 0.457600 0.457600 0.457600 0.457600 0.457600 0.457600 0.457600
0.464644 0.464644 0.464644 0.464644 0.464644 0.464644 0.464644 0.464644 0.464644 0.464644 0.464644 0.464644 0.464644 0.464644 0.464644 0.464644 0.464644 0.464644 0.464644 0.464644
0.471688 0.471688 0.471688 0.471688 0.471688 0.471688 0.471688 0.471688 0.471688 0.471688 0.471688 0.471688 0.471688 0.471688 0.471688 0.471688 0.471688 0.471688 0.471688 0.471688
0.478732 0.478732 0.478732 0.478732 0.478732 0.478732 0.478732 0.478732 0.478732 0.478732 0.478732 0.478732 0.478732 0.478732 0.478732 0.478732 0.478732 0.478732 0.478732 0.478732
0.485776 0.485776 0.485776 0.485776 0.485776 0.485776 0.485776 0.485776 0.485776 0.485776 0.485776 0.485776 0.485776 0.485776 0.485776 0.485776 0.485776 0.485776 0.485776 0.485776
0.492820 0.492820 0.492820 0.492820 0.492820 0.492820 0.492820 0.492820 0.492820 0.492820 0.492820 0.492820 0.492820 0.492820 0.492820 0.492820 0.492820 0.492820 0.492820 0.492820
0.499864 0.499864 0.499864 0.499864 0.499864 0.499864 0.499864 0.499864 0.499864 0.499864 0.499864 0.499864 0.499864 0.499864 0.499864 0.499864 0.499864 0.499864 0.499864 0.499864
0.506909 0.506909 0.506909 0.506909 0.506909 0.506909 0.506909 0.506909 0.506909 0.506909 0.506909 0.506909 0.506909 0.506909 0.506909 0.506909 0.506909 0.506909 0.506909 0.506909
0.513953 0.513953 0.513953 0.513953 0.513953 0.513953 0.513953 0.513953 0.513953 0.513953 0.513953 0.513953 0.513953 0.513953 0.513953 0.513953 0.513953 0.513953 0.513953 0.513953
0.520997 0.520997 0.520997 0.520997 0.520997 0.520997 0.520997 0.520997 0.520997 0.520997 0.520997 0.520997 0.520997 0.520997 0.520997 0.520997 0.520997 0.520997 0.520997 0.520997
0.528041 0.528041 0.528041 0.528041 0.528041 0.528041 0.528041 0.528041 0.528041 0.528041 0.528041 0.528041 0.528041 0.528041 0.528041 0.528041 0.528041 0.528041 0.528041 0.528041
0.535085 0.535085 0.535085 0.535085 0.535085 0.535085 0.535085 0.535085 0.535085 0.535085 0.535085 0.535085 0.535085 0.535085 0.535085 0.535085 0.535085 0.535085 0.535085 0.535085
0.542129 0.542129 0.542129 0.542129 0.542129 0.542129 0.542129 0.542129 0.542129 0.542129 0.542129 0.542129 0.542129 0.542129 0.542129 0.542129 0.542129 0.542129 0.542129 0.542129
0.549174 0.549174 0.549174 0.549174 0.549174 0.549174 0.549174 0.549174 0.549174 0.549174 0.549174 0.549174 0.549174 0.549174 0.549174 0.549174 0.549174 0.549174 0.549174 0.549174
0.556218 0.556218 0.556218 0.556218 0.556218 0.556218 0.556218 0.556218 0.556218 0.556218 0.556218 0.556218 0.556218 0.556218 0.556218 0.556218 0.556218 0.556218 0.556218 0.556218
0.563262 0.563262 0.563262 0.563262 0.563262 0.563262 0.563262 0.563262 0.563262 0.563262 0.563262 0.563262 0.563262 0.563262 0.563262 0.563262 0.563262 0.563262 0.563262 0.563262
0.570306 0.570306 0.570306 0.570306 0.570306 0.570306 0.570306 0.570306 0.570306 0.570306 0.570306 0.570306 0.570306 0.570306 0.570306 0.570306 0.570306 0.570306 0.570306 0.570306
0.577350 0.577350 0.577350 0.577350 0.577350 0.577350 0.577350 0.577350 0.577350 0.577350 0.577350 0.577350 0.577350 0.577350 0.577350 0.577350 0.577350 0.577350 0.577350 0.577350
0.587917 0.587917 0.587917 0.587917 0.587917 0.587917 0.587917 0.587917 0.587917 0.587917 0.587917 0.587917 0.587917 0.587917 0.587917 0.587917 0.587917 0.587917 0.587917 0.587917
0.598483 0.598483 0.598483 0.598483 0.598483 0.598483 0.598483 0.598483 0.598483 0.598483 0.598483 0.598483 0.598483 0.598483 0.598483 0.598483 0.598483 0.598483 0.598483 0.598483
0.609049 0.609049 0.609049 0.609049 0.609049 0.609049 0.609049 0.609049 0.609049 0.609049 0.609049 0.609049 0.609049 0.609049 0.609049 0.609049 0.609049 0.609049 0.609049 0.609049
0.619615 0.619615 0.619615 0.619615 0.619615 0.619615 0.619615 0.619615 0.619615 0.619615 0.619615 0.619615 0.619615 0.619615 0.619615 0.619615 0.619615 0.619615 0.619615 0.619615
0.630181 0.630181 0.630181 0.630181 0.630181 0.630181 0.630181 0.630181 0.630181 0.630181 0.630181 0.630181 0.630181 0.630181 0.630181 0.630181 0.630181 0.630181 0.630181 0.630181
0.640748 0.640748 0.640748 0.640748 0.640748 0.640748 0.640748 0.640748 0.640748 0.640748 0.640748 0.640748 0.640748 0.640748 0.640748 0.640748 0.640748 0.640748 0.640748 0.640748
0.651314 0.651314 0.651314 0.651314 0.651314 0.651314 0.651314 0.651314 0.651314 0.651314 0.651314 0.651314 0.651314 0.651314 0.651314 0.651314 0.651314 0.651314 0.651314 0.651314
0.661880 0.661880 0.661880 0.661880 0.661880 0.661880 0.661880 0.661880 0.661880 0.661880 0.661880 0.661880 0.661880 0.661880 0.661880 0.661880 0.661880 0.661880 0.661880 0.661880
0.672446 0.672446 0.672446 0.672446 0.672446 0.672446 0.672446 0.672446 0.672446 0.672446 0.672446 0.672446 0.672446 0.672446 0.672446 0.672446 0.672446 0.672446 0.672446 0.672446
0.683013 0.683013 0.683013 0.683013 0.683013 0.683013 0.683013 0.683013 0.683013 0.683013 0.683013 0.683013 0.683013 0.683013 0.683013 0.683013 0.683013 0.683013 0.683013 0.683013
0.693579 0.693579 0.693579 0.693579 0.693579 0.693579 0.693579 0.693579 0.693579 0.693579 0.693579 0.693579 0.693579 0.693579 0.693579 0.693579 0.693579 0.693579 0.693579 0.693579
0.704145 0.704145 0.704145 0.704145 0.704145 0.704145 0.704145 0.704145 0.704145 0.704145 0.704145 0.704145 0.704145 0.704145 0.704145 0.704145 0.704145 0.704145 0.704145 0.704145
0.714711 0.714711 0.714711 0.714711 0.714711 0.714711 0.714711 0.714711 0.714711 0.714711 0.714711 0.714711 0.714711 0.714711 0.714711 0.714711 0.714711 0.714711 0.714711 0.714711
0.725278 0.725278 0.725278 0.725278 0.725278 0.725278 0.725278 0.725278 0.725278 0.725278 0.725278 0.725278 0.725278 0.725278 0.725278 0.725278 0.725278 0.725278 0.725278 0.725278
0.735844 0.735844 0.735844 0.735844 0.735844 0.735844 0.735844 0.735844 0.735844 0.735844 0.735844 0.735844 0.735844 0.735844 0.735844 0.735844 0.735844 0.735844 0.735844 0.735844
0.746410 0.746410 0.746410 0.746410 0.746410 0.746410 0.746410 0.746410 0.746410 0.746410 0.746410 0.746410 0.746410 0.746410 0.746410 0.746410 0.746410 0.746410 0.746410 0.746410
0.756976 0.756976 0.756976 0.756976 0.756976 0.756976 0.756976 0.756976 0.756976 0.756976 0.756976 0.756976 0.756976 0.756976 0.756976 0.756976 0.756976 0.756976 0.756976 0.756976
0.767543 0.767543 0.767543 0.767543 0.767543 0.767543 0.767543 0.767543 0.767543 0.767543 0.767543 0.767543 0.767543 0.767543 0.767543 0.767543 0.767543 0.767543 0.767543 0.767543
0.778109 0.778109 0.778109 0.778109 0.778109 0.778109 0.778109 0.778109 0.778109 0.778109 0.778109 0.778109 0.778109 0.778109 0.778109 0.778109 0.778109 0.778109 0.778109 0.778109
0.788675 0.788675 0.788675 0.788675 0.788675 0.788675 0.788675 0.788675 0.788675 0.788675 0.788675 0.788675 0.788675 0.788675 0.788675 0.788675 0.788675 0.788675 0.788675 0.788675
0.799241 0.799241 0.799241 0.799241 0.799241 0.799241 0.799241 0.799241 0.799241 0.799241 0.799241 0.799241 0.799241 0.799241 0.799241 0.799241 0.799241 0.799241 0.799241 0.799241
0.809808 0.809808 0.809808 0.809808 0.809808 0.809808 0.809808 0.809808 0.809808 0.809808 0.809808 0.809808 0.809808 0.809808 0.809808 0.809808 0.809808 0.809808 0.809808 0.809808
0.820374 0.820374 0.820374 0.820374 0.820374 0.820374 0.820374 0.820374 0.820374 0.820374 0.820374 0.820374 0.820374 0.820374 0.820374 0.820374 0.820374 0.820374 0.820374 0.820374
0.830940 0.830940 0.830940 0.830940 0.830940 0.830940 0.830940 0.830940 0.830940 0.830940 0.830940 0.830940 0.830940 0.830940 0.830940 0.830940 0.830940 0.830940 0.830940 0.830940
0.841506 0.841506 0.841506 0.841506 0.841506 0.841506 0.841506 0.841506 0.841506 0.841506 0.841506 0.841506 0.841506 0.841506 0.841506 0.841506 0.841506 0.841506 0.841506 0.841506
0.852073 0.852073 0.852073 0.852073 0.852073 0.852073 0.852073 0.852073 0.852073 0.852073 0.852073 0.852073 0.852073 0.852073 0.852073 0.852073 0.852073 0.852073 0.852073 0.852073
0.862639 0.862639 0.862639 0.862639 0.862639 0.862639 0.862639 0.862639 0.862639 0.862639 0.862639 0.862639 0.862639 0.862639 0.862639 0.862639 0.862639 0.862639 0.862639 0.862639
0.873205 0.873205 0.873205 0.873205 0.873205 0.873205 0.873205 0.873205 0.873205 0.873205 0.873205 0.873205 0.873205 0.873205 0.873205 0.873205 0.873205 0.873205 0.873205 0.873205
0.883771 0.883771 0.883771 0.883771 0.883771 0.883771 0.883771 0.883771 0.883771 0.883771 0.883771 0.883771 0.883771 0.883771 0.883771 0.883771 0.883771 0.883771 0.883771 0.883771
0.894338 0.894338 0.894338 0.894338 0.894338 0.894338 0.894338 0.894338 0.894338 0.894338 0.894338 0.894338 0.894338 0.894338 0.894338 0.894338 0.894338 0.894338 0.894338 0.894338
0.904904 0.904904 0.904904 0.904904 0.904904 0.904904 0.904904 0.904904 0.904904 0.904904 0.904904 0.904904 0.904904 0.904904 0.904904 0.904904 0.904904 0.904904 0.904904 0.904904
0.915470 0.915470 0.915470 0.915470 0.915470 0.915470 0.915470 0.915470 0.915470 0.915470 0.915470 0.915470 0.915470 0.915470 0.915470 0.915470 0.915470 0.915470 0.915470 0.915470
0.926036 0.926036 0.926036 0.926036 0.926036 0.926036 0.926036 0.926036 0.926036 0.926036 0.926036 0.926036 0.926036 0.926036 0.926036 0.926036 0.926036 0.926036 0.926036 0.926036
0.936603 0.936603 0.936603 0.936603 0.936603 0.936603 0.936603 0.936603 0.936603 0.936603 0.936603 0.936603 0.936603 0.936603 0.936603 0.936603 0.936603 0.936603 0.936603 0.936603
0.947169 0.947169 0.947169 0.947169 0.947169 0.947169 0.947169 0.947169 0.947169 0.947169 0.947169 0.947169 0.947169 0.947169 0.947169 0.947169 0.947169 0.947169 0.947169 0.947169
0.957735 0.957735 0.957735 0.957735 0.957735 0.957735 0.957735 0.957735 0.957735 0.957735 0.957735 0.957735 0.957735 0.957735 0.957735 0.957735 0.957735 0.957735 0.957735 0.957735
0.968301 0.968301 0.968301 0.968301 0.968301 0.968301 0.968301 0.968301 0.968301 0.968301 0.968301 0.968301 0.968301 0.968301 0.968301 0.968301 0.968301 0.968301 0.968301 0.968301
0.978868 0.978868 0.978868 0.978868 0.978868 0.978868 0.978868 0.978868 0.978868 0.978868 0.978868 0.978868 0.978868 0.978868 0.978868 0.978868 0.978868 0.978868 0.978868 0.978868
0.989434 0.989434 0.989434 0.989434 0.989434 0.989434 0.989434 0.989434 0.989434 0.989434 0.989434 0.989434 0.989434 0.989434 0.989434 0.989434 0.989434 0.989434 0.989434 0.989434
1.000000 1.000000 1.000000 1.000000 1.000000 1.000000 1.000000 1.000000 1.000000 1.000000 1.000000 1.000000 1.000000 1.000000 1.000000 1.000000 1.000000 1.000000 1.000000 1.000000
